0.000000    0.000000    0.000000    0.000000    0.000000    -2.000000    1559466643952129444 
0.000000    0.000000    0.000000    0.000000    0.000000    -2.000000    1559466643957200401 
0.000000    0.000000    0.000000    0.000000    0.000000    -2.000000    1559466643962199278 
0.000000    0.000000    0.000000    0.000000    0.000000    -2.000000    1559466643969443380 
0.000000    0.000000    0.000000    0.000000    0.000000    -2.000000    1559466643979567682 
0.000000    0.000000    0.000000    0.000000    0.000000    -2.000000    1559466643990070498 
0.000000    0.000000    0.000000    0.000000    0.000000    -2.000000    1559466643999647580 
0.000000    0.000000    0.000000    0.000000    0.000000    -2.000000    1559466644009808952 
0.000000    0.000000    0.000000    0.000000    0.000000    -2.000000    1559466644019669092 
0.000000    0.000000    0.000000    0.000000    0.000000    -2.000000    1559466644029662672 
0.000000    0.000000    0.000000    0.000000    0.000000    -2.000000    1559466644039833189 
0.000000    0.000000    0.000000    0.000000    0.000000    -2.000000    1559466644049962223 
0.000000    0.000000    0.000000    0.000000    0.000000    -2.000000    1559466644059742525 
0.000000    0.000000    0.000000    0.000000    0.000000    -2.000000    1559466644069701694 
0.000000    0.000000    0.000000    0.000000    0.000000    -2.000000    1559466644079754453 
0.000000    0.000000    0.000000    0.000000    0.000000    -2.000000    1559466644090028839 
-0.009203    0.000000    -0.001534    0.000000    -4.807262    -7.000000    1559466644099791273 
-0.009203    0.000000    -0.001534    0.000000    -4.807262    -7.000000    1559466644109847708 
-0.009203    0.000000    -0.001534    0.000000    -4.807262    -7.000000    1559466644119613435 
-0.010737    -0.307392    -0.001534    0.000000    -16.928363    -22.000000    1559466644129726371 
-0.009203    0.305391    -0.001534    0.000000    6.450152    10.000000    1559466644139857442 
-0.009203    0.307210    -0.001534    0.000000    6.517207    10.000000    1559466644149829442 
-0.010737    0.000000    -0.001534    0.000000    -5.597197    -8.000000    1559466644159704683 
-0.010737    0.000000    -0.003068    -0.311746    -8.294678    -11.000000    1559466644169515042 
-0.012271    -0.306374    -0.003068    0.000000    -17.748423    -23.000000    1559466644179885373 
-0.010737    0.000000    -0.003068    0.000000    -5.664850    -8.000000    1559466644189826817 
-0.010737    0.000000    -0.004602    0.000000    -5.732502    -8.000000    1559466644199892795 
-0.010737    0.000000    -0.006135    0.000000    -5.800155    -8.000000    1559466644209892841 
-0.010737    0.000000    -0.007669    -0.304477    -8.436319    -11.000000    1559466644219598651 
-0.010737    0.000000    -0.009203    -0.391228    -9.235783    -12.000000    1559466644229710084 
-0.010737    0.303194    -0.010737    -0.303194    2.615625    5.000000    1559466644239721025 
-0.010737    0.309227    -0.013805    -0.309227    2.651836    5.000000    1559466644249807167 
-0.010737    0.000000    -0.018406    -0.612917    -11.511819    -15.000000    1559466644259720873 
-0.010737    0.000000    -0.021474    -0.308675    -9.080601    -12.000000    1559466644269871262 
-0.009203    0.309443    -0.026076    -0.309443    2.906679    6.000000    1559466644279652563 
-0.009203    0.000000    -0.030677    -0.612372    -11.258515    -15.000000    1559466644289814121 
-0.009203    0.000000    -0.035279    -0.615533    -11.488137    -15.000000    1559466644300044851 
-0.007669    0.000000    -0.038347    -0.620482    -10.875256    -14.000000    1559466644309731112 
-0.007669    0.000000    -0.042948    -0.613464    -11.019009    -14.000000    1559466644320042172 
-0.007669    0.000000    -0.046016    -0.308391    -8.580779    -11.000000    1559466644329704160 
-0.006135    0.305813    -0.050618    -0.305813    3.300921    6.000000    1559466644339808899 
-0.007669    0.000000    -0.055219    -0.304899    -8.957240    -12.000000    1559466644349915345 
-0.006135    0.000000    -0.061355    -0.330370    -8.652789    -12.000000    1559466644359727826 
-0.006135    0.000000    -0.067490    -0.613449    -11.311396    -15.000000    1559466644369776093 
-0.006135    0.000000    -0.075160    -0.618171    -11.689493    -15.000000    1559466644379881670 
-0.004602    0.000000    -0.082829    -0.913587    -13.729893    -18.000000    1559466644389640931 
-0.004602    0.000000    -0.090498    -0.615240    -11.551361    -15.000000    1559466644399977064 
-0.003068    0.000000    -0.099701    -0.920163    -13.739609    -18.000000    1559466644409706128 
-0.001534    0.000000    -0.108905    -0.923317    -13.382198    -17.000000    1559466644419812083 
-0.001534    0.000000    -0.119642    -1.224144    -16.393481    -21.000000    1559466644429820779 
0.001534    0.305030    -0.128845    -1.220121    -3.941478    -6.000000    1559466644439651228 
0.003068    0.308091    -0.141116    -1.232363    -3.683219    -5.000000    1559466644449798587 
0.004602    0.302644    -0.157988    -1.815862    -8.760538    -12.000000    1559466644459757315 
0.007669    0.306463    -0.174861    -1.838779    -7.977376    -11.000000    1559466644469719050 
0.009203    0.256978    -0.191733    -1.541867    -7.251075    -10.000000    1559466644479771790 
0.009203    0.000000    -0.200937    -1.826765    -19.533127    -25.000000    1559466644491891299 
0.013805    0.257542    -0.228546    -1.545255    -6.512702    -9.000000    1559466644499939429 
0.018406    0.641362    -0.245419    -1.603405    8.770851    13.000000    1559466644509610659 
0.019940    0.304185    -0.262291    -1.825113    -5.482782    -8.000000    1559466644519706969 
0.021474    0.309094    -0.277630    -1.854566    -5.436883    -8.000000    1559466644529869206 
0.023008    0.000000    -0.294503    -1.694355    -15.433545    -20.000000    1559466644539720799 
0.024542    0.307495    -0.309841    -1.537474    -2.661760    -4.000000    1559466644549940511 
0.026076    0.306280    -0.323646    -1.225121    0.109476    -2.000000    1559466644559832164 
0.026076    0.305230    -0.332849    -0.915691    2.275147    5.000000    1559466644569780302 
0.026076    0.000000    -0.340519    -0.309209    -4.198445    -6.000000    1559466644579926731 
0.030677    0.638786    -0.345120    -0.319393    21.429624    28.000000    1559466644589713694 
0.033745    0.617487    -0.346654    -0.308743    22.246527    29.000000    1559466644599965966 
0.036813    0.322076    -0.351256    -0.322076    12.621442    17.000000    1559466644610105409 
0.038347    0.308566    -0.352790    0.000000    15.562698    21.000000    1559466644619702479 
0.041414    0.311062    -0.355857    -0.311062    14.475207    20.000000    1559466644629749384 
0.047550    0.607204    -0.357391    -0.303602    28.546703    37.000000    1559466644639884536 
0.052152    0.310178    -0.358925    0.000000    22.460927    30.000000    1559466644649603741 
0.055219    0.305031    -0.361993    -0.305031    21.142572    28.000000    1559466644659873737 
0.059821    0.623010    -0.366594    -0.623010    32.348430    42.000000    1559466644669692311 
0.064422    0.309192    -0.371196    -0.618384    22.986263    30.000000    1559466644679886156 
0.070558    0.607995    -0.375798    -0.607995    37.045242    47.000000    1559466644689673619 
0.075160    0.613482    -0.381933    -0.613482    39.300423    50.000000    1559466644699863889 
0.081295    0.645029    -0.388069    -0.645029    43.086322    55.000000    1559466644710075010 
0.087430    0.622789    -0.394204    -0.622789    45.343234    57.000000    1559466644719896780 
0.095100    0.608343    -0.401873    -0.608343    48.544011    61.000000    1559466644729879758 
0.104303    0.926686    -0.409543    -0.617791    64.600502    81.000000    1559466644740032435 
0.115040    1.038483    -0.417212    -0.519241    74.744211    93.000000    1559466644749682862 
0.122709    0.925735    -0.424881    -0.925735    70.770391    89.000000    1559466644759977881 
0.131913    0.923421    -0.429483    -0.615614    77.837852    97.000000    1559466644769668584 
0.142650    0.919562    -0.435618    -0.613042    82.976244    104.000000    1559466644780027197 
0.151853    0.912441    -0.441754    -0.608294    87.222786    109.000000    1559466644790061317 
0.161056    0.927469    -0.447889    -0.618313    92.161225    115.000000    1559466644799850422 
0.170259    0.928473    -0.454025    -0.618982    96.661604    120.000000    1559466644809672672 
0.176395    1.227591    -0.455559    -0.306898    113.412550    141.000000    1559466644820001329 
0.191733    2.005891    -0.460160    -0.401178    149.003516    184.000000    1559466644829689617 
0.204004    1.736624    -0.464762    -0.434156    144.916043    179.000000    1559466644839948985 
0.220877    2.406572    -0.467830    -0.343796    178.928125    221.000000    1559466644850062745 
0.228546    1.013221    -0.469364    0.000000    134.348206    166.000000    1559466644859671158 
0.246953    1.318481    -0.469364    0.000000    155.080015    192.000000    1559466644869937644 
0.257690    1.116225    -0.469364    0.000000    153.153913    189.000000    1559466644879788951 
0.268427    0.945899    -0.467830    0.236475    154.467363    191.000000    1559466644889647921 
0.274562    1.380461    -0.466296    0.345115    174.630187    216.000000    1559466644899813969 
0.282232    0.717195    -0.460160    0.717195    157.539733    195.000000    1559466644909823651 
0.291435    1.150703    -0.449423    1.534271    185.625730    229.000000    1559466644919783292 
0.299104    0.855285    -0.438686    2.138211    184.253886    227.000000    1559466644930146316 
0.303706    0.565311    -0.426415    1.413276    170.360394    210.000000    1559466644939948105 
0.305240    0.000000    -0.412610    0.501996    143.233183    177.000000    1559466644949743874 
0.305240    0.000000    -0.400339    0.800566    146.293079    181.000000    1559466644960013782 
0.302172    -0.214380    -0.388069    1.286280    141.449277    175.000000    1559466644969761554 
0.297570    -0.310888    -0.371196    1.554440    138.528290    171.000000    1559466644979593058 
0.300638    0.000000    -0.361993    0.851614    146.045220    181.000000    1559466644990036725 
0.300638    0.000000    -0.358925    0.411644    142.469032    176.000000    1559466644999806131 
0.297570    -0.490856    -0.355857    0.000000    119.457830    148.000000    1559466645009935446 
0.297570    0.000000    -0.355857    0.000000    137.551920    170.000000    1559466645019747698 
0.297570    0.000000    -0.355857    0.000000    137.551920    170.000000    1559466645030213298 
0.300638    0.348647    -0.357391    0.000000    151.916057    188.000000    1559466645040127197 
0.302172    0.000000    -0.357391    0.000000    139.854072    173.000000    1559466645049893077 
0.303706    0.192553    -0.357391    0.000000    147.741935    183.000000    1559466645059795862 
0.306774    0.293350    -0.357391    0.000000    153.037417    189.000000    1559466645069802342 
0.311375    0.488270    -0.357391    0.488270    166.711389    206.000000    1559466645079698328 
0.309841    -0.294272    -0.357391    0.000000    132.956220    165.000000    1559466645089893388 
0.306774    -0.271814    -0.357391    0.000000    132.204182    164.000000    1559466645099642473 
0.306774    0.000000    -0.358925    -0.508605    137.865730    171.000000    1559466645110082233 
0.305240    -0.343649    -0.360459    -0.343649    125.731991    156.000000    1559466645119971438 
0.303706    0.000000    -0.361993    0.000000    140.441048    174.000000    1559466645130051046 
0.300638    -0.381365    -0.363527    -0.190682    123.126992    153.000000    1559466645139939744 
0.297570    -0.381172    -0.363527    -0.381172    119.947292    149.000000    1559466645149939308 
0.296036    0.000000    -0.365061    0.000000    136.356068    169.000000    1559466645159930767 
0.297570    0.204688    -0.366594    -0.204688    142.896901    177.000000    1559466645169632364 
0.296036    0.000000    -0.368128    0.000000    136.220763    169.000000    1559466645179980419 
0.296036    0.000000    -0.368128    0.000000    136.220763    169.000000    1559466645189741656 
0.297570    0.329464    -0.368128    0.000000    149.155496    184.000000    1559466645199937970 
0.299104    0.259667    -0.366594    0.259667    149.630717    185.000000    1559466645209929501 
0.297570    -0.308224    -0.365061    0.308224    128.384268    159.000000    1559466645219853307 
0.297570    -0.517380    -0.365061    0.000000    118.074204    146.000000    1559466645229735208 
0.299104    0.274681    -0.365061    0.000000    148.061325    183.000000    1559466645239989899 
0.299104    0.000000    -0.363527    0.000000    138.003591    171.000000    1559466645249908735 
0.299104    0.000000    -0.363527    0.000000    138.003591    171.000000    1559466645259879856 
0.299104    0.000000    -0.361993    0.251706    140.194584    173.000000    1559466645270051663 
0.300638    0.000000    -0.360459    0.000000    138.928831    172.000000    1559466645279813972 
0.302172    0.000000    -0.358925    0.000000    139.786419    173.000000    1559466645289905050 
0.302172    0.000000    -0.357391    0.336155    142.689808    177.000000    1559466645299710859 
0.302172    0.000000    -0.357391    0.000000    139.854072    173.000000    1559466645309831435 
0.300638    -0.250336    -0.357391    0.000000    129.836188    161.000000    1559466645320202639 
0.300638    0.000000    -0.355857    0.000000    139.131790    172.000000    1559466645329786045 
0.300638    0.000000    -0.354323    0.309580    141.810998    175.000000    1559466645339614785 
0.300638    0.000000    -0.354323    0.000000    139.199442    172.000000    1559466645349710045 
0.300638    0.000000    -0.354323    0.000000    139.199442    172.000000    1559466645359905860 
0.300638    0.000000    -0.354323    0.000000    139.199442    172.000000    1559466645369702303 
0.300638    0.000000    -0.355857    -0.304792    136.560621    169.000000    1559466645379998703 
0.302172    0.000000    -0.355857    0.000000    139.921724    173.000000    1559466645389685970 
0.302172    0.000000    -0.357391    0.000000    139.854072    173.000000    1559466645399941689 
0.302172    0.000000    -0.355857    0.307061    142.512028    176.000000    1559466645409621504 
0.302172    -0.307727    -0.357391    0.000000    128.510562    159.000000    1559466645420338628 
0.303706    0.000000    -0.357391    0.000000    140.644006    174.000000    1559466645430077025 
0.303706    0.000000    -0.357391    0.309822    143.257599    177.000000    1559466645439814083 
0.303706    0.000000    -0.357391    0.305880    143.224348    177.000000    1559466645449524447 
0.302172    -0.310445    -0.358925    0.000000    128.342709    159.000000    1559466645460130817 
0.302172    0.000000    -0.358925    0.000000    139.786419    173.000000    1559466645469748518 
0.302172    0.000000    -0.360459    0.000000    139.718766    173.000000    1559466645479923602 
0.302172    0.000000    -0.360459    0.000000    139.718766    173.000000    1559466645489645415 
0.302172    0.000000    -0.360459    0.000000    139.718766    173.000000    1559466645500037525 
0.302172    0.000000    -0.360459    0.000000    139.718766    173.000000    1559466645509650542 
0.302172    -0.305898    -0.360459    0.000000    128.442680    159.000000    1559466645519869244 
0.303706    0.000000    -0.360459    -0.306881    137.919914    171.000000    1559466645530030758 
0.303706    0.310511    -0.360459    -0.310511    149.335440    185.000000    1559466645540010726 
0.303706    0.305367    -0.358925    0.305367    154.408884    191.000000    1559466645549739717 
0.303706    0.000000    -0.360459    -0.317008    137.834488    171.000000    1559466645559856853 
0.303706    0.000000    -0.360459    -0.308629    137.905166    171.000000    1559466645569760566 
0.303706    0.000000    -0.358925    0.000000    140.576354    174.000000    1559466645579922967 
0.303706    0.000000    -0.357391    0.000000    140.644006    174.000000    1559466645589567783 
0.303706    0.000000    -0.355857    0.310340    143.329628    177.000000    1559466645599754477 
0.303706    0.000000    -0.355857    0.309902    143.325934    177.000000    1559466645609722199 
0.303706    0.000000    -0.355857    0.000000    140.711659    174.000000    1559466645619548411 
0.303706    0.000000    -0.355857    0.000000    140.711659    174.000000    1559466645629934995 
0.305240    0.379764    -0.357391    0.000000    155.432904    192.000000    1559466645639730295 
0.305240    0.000000    -0.357391    0.000000    141.433941    175.000000    1559466645649573756 
0.305240    0.000000    -0.357391    -0.306323    138.849862    172.000000    1559466645659846903 
0.305240    0.000000    -0.355857    0.000000    141.501594    175.000000    1559466645669902488 
0.305240    0.000000    -0.355857    0.306924    144.090743    178.000000    1559466645679935304 
0.303706    0.000000    -0.355857    0.000000    140.711659    174.000000    1559466645689804754 
0.305240    0.382081    -0.357391    0.000000    155.518317    192.000000    1559466645699622383 
0.305240    0.311671    -0.357391    0.000000    152.922845    189.000000    1559466645709555960 
0.303706    0.000000    -0.357391    0.000000    140.644006    174.000000    1559466645719859598 
0.305240    0.000000    -0.357391    -0.256490    139.270242    172.000000    1559466645729793055 
0.303706    0.000000    -0.357391    -0.303485    138.083870    171.000000    1559466645739798785 
0.303706    -0.250208    -0.357391    0.000000    131.420774    163.000000    1559466645750097827 
0.305240    0.307972    -0.357391    0.000000    152.786479    189.000000    1559466645759880034 
0.305240    0.000000    -0.357391    0.000000    141.433941    175.000000    1559466645769717380 
0.305240    0.511652    -0.357391    0.000000    160.294599    198.000000    1559466645779776189 
0.305240    0.304519    -0.357391    0.000000    152.659215    189.000000    1559466645789806312 
0.303706    0.000000    -0.357391    0.000000    140.644006    174.000000    1559466645800035984 
0.305240    0.308638    -0.357391    0.000000    152.811054    189.000000    1559466645809899091 
0.303706    0.000000    -0.357391    -0.302657    138.090856    171.000000    1559466645820040342 
0.303706    0.000000    -0.355857    0.000000    140.711659    174.000000    1559466645829951174 
0.305240    0.302312    -0.355857    0.000000    152.645520    189.000000    1559466645839856824 
0.305240    0.000000    -0.355857    0.000000    141.501594    175.000000    1559466645849890883 
0.303706    0.000000    -0.355857    0.000000    140.711659    174.000000    1559466645859623887 
0.305240    0.000000    -0.355857    0.000000    141.501594    175.000000    1559466645869915138 
0.303706    0.000000    -0.355857    0.000000    140.711659    174.000000    1559466645879973253 
0.305240    0.000000    -0.355857    0.000000    141.501594    175.000000    1559466645889716163 
0.305240    0.000000    -0.355857    0.000000    141.501594    175.000000    1559466645899707327 
0.305240    0.000000    -0.355857    0.000000    141.501594    175.000000    1559466645909602412 
0.303706    -0.513765    -0.355857    0.000000    121.773083    151.000000    1559466645919923190 
0.305240    0.000000    -0.355857    0.000000    141.501594    175.000000    1559466645929878619 
0.305240    0.000000    -0.355857    0.000000    141.501594    175.000000    1559466645939782384 
0.305240    0.000000    -0.355857    0.305711    144.080507    178.000000    1559466645949726816 
0.305240    0.000000    -0.355857    0.000000    141.501594    175.000000    1559466645959868808 
0.305240    0.000000    -0.357391    0.000000    141.433941    175.000000    1559466645969811583 
0.305240    0.000000    -0.355857    0.000000    141.501594    175.000000    1559466645979797016 
0.305240    0.000000    -0.355857    0.306713    144.088963    178.000000    1559466645990157472 
0.305240    0.000000    -0.355857    0.000000    141.501594    175.000000    1559466645999636214 
0.305240    0.000000    -0.355857    0.000000    141.501594    175.000000    1559466646009830339 
0.305240    0.000000    -0.355857    0.000000    141.501594    175.000000    1559466646019914684 
0.303706    -0.305072    -0.355857    0.000000    129.466017    160.000000    1559466646029963136 
0.303706    0.000000    -0.355857    0.000000    140.711659    174.000000    1559466646040030474 
0.303706    0.000000    -0.355857    0.000000    140.711659    174.000000    1559466646049784364 
0.303706    0.000000    -0.355857    0.000000    140.711659    174.000000    1559466646059731096 
0.303706    0.000000    -0.355857    0.000000    140.711659    174.000000    1559466646069706138 
0.303706    0.000000    -0.355857    0.000000    140.711659    174.000000    1559466646079632878 
0.303706    0.000000    -0.355857    0.000000    140.711659    174.000000    1559466646089873845 
0.303706    0.000000    -0.355857    0.000000    140.711659    174.000000    1559466646100079231 
0.303706    0.000000    -0.355857    0.000000    140.711659    174.000000    1559466646110031690 
0.303706    0.000000    -0.355857    0.000000    140.711659    174.000000    1559466646119594260 
0.303706    0.000000    -0.355857    0.000000    140.711659    174.000000    1559466646129815175 
0.302172    -0.385147    -0.355857    0.000000    125.724307    156.000000    1559466646139754764 
0.302172    0.000000    -0.355857    0.000000    139.921724    173.000000    1559466646149966467 
0.302172    0.000000    -0.355857    0.000000    139.921724    173.000000    1559466646160067665 
0.303706    0.302858    -0.354323    0.302858    154.498222    191.000000    1559466646169765287 
0.302172    0.000000    -0.355857    0.000000    139.921724    173.000000    1559466646179795037 
0.302172    0.000000    -0.355857    0.000000    139.921724    173.000000    1559466646189620163 
0.302172    -0.390387    -0.354323    0.390387    128.892048    160.000000    1559466646199819096 
0.302172    0.000000    -0.354323    0.307951    142.587188    176.000000    1559466646209889005 
0.302172    0.000000    -0.354323    0.389754    143.277260    177.000000    1559466646219860868 
0.302172    0.000000    -0.355857    0.000000    139.921724    173.000000    1559466646229694083 
0.302172    -0.299883    -0.355857    0.000000    128.867342    160.000000    1559466646239815576 
0.303706    0.305637    -0.354323    0.305637    154.624080    191.000000    1559466646249636287 
0.302172    0.000000    -0.355857    0.000000    139.921724    173.000000    1559466646260174911 
0.302172    -0.308689    -0.355857    -0.308689    125.938683    156.000000    1559466646269914506 
0.302172    0.000000    -0.355857    0.000000    139.921724    173.000000    1559466646279860007 
0.302172    -0.311241    -0.355857    0.000000    128.448666    159.000000    1559466646289713818 
0.302172    0.000000    -0.355857    0.000000    139.921724    173.000000    1559466646300253582 
0.303706    0.000000    -0.355857    0.000000    140.711659    174.000000    1559466646309900926 
0.303706    0.298526    -0.355857    0.000000    151.716025    188.000000    1559466646319916601 
0.302172    0.000000    -0.355857    0.000000    139.921724    173.000000    1559466646329769178 
0.302172    0.000000    -0.355857    0.000000    139.921724    173.000000    1559466646339639187 
0.302172    0.000000    -0.355857    0.000000    139.921724    173.000000    1559466646349881385 
0.302172    0.000000    -0.355857    0.000000    139.921724    173.000000    1559466646359865411 
0.302172    -0.427625    -0.355857    0.000000    124.158466    154.000000    1559466646370195192 
0.302172    0.000000    -0.355857    0.000000    139.921724    173.000000    1559466646379981179 
0.302172    0.000000    -0.355857    0.000000    139.921724    173.000000    1559466646389718916 
0.303706    0.273134    -0.355857    0.000000    150.779999    186.000000    1559466646399779528 
0.303706    0.000000    -0.355857    0.000000    140.711659    174.000000    1559466646409514786 
0.303706    0.000000    -0.355857    0.000000    140.711659    174.000000    1559466646419798247 
0.303706    0.000000    -0.355857    0.000000    140.711659    174.000000    1559466646429580777 
0.303706    0.000000    -0.355857    0.000000    140.711659    174.000000    1559466646439942318 
0.302172    -0.461902    -0.355857    0.000000    122.894946    152.000000    1559466646449596899 
0.303706    0.000000    -0.355857    0.000000    140.711659    174.000000    1559466646460192852 
0.303706    0.000000    -0.355857    0.000000    140.711659    174.000000    1559466646470201194 
0.303706    0.000000    -0.355857    0.000000    140.711659    174.000000    1559466646479931657 
0.303706    0.000000    -0.355857    0.000000    140.711659    174.000000    1559466646489742684 
0.303706    0.000000    -0.355857    0.000000    140.711659    174.000000    1559466646499807507 
0.303706    0.000000    -0.355857    0.000000    140.711659    174.000000    1559466646509597714 
0.305240    0.373422    -0.355857    0.000000    155.266778    192.000000    1559466646520151705 
0.303706    0.000000    -0.355857    0.000000    140.711659    174.000000    1559466646529593331 
0.303706    0.000000    -0.355857    0.000000    140.711659    174.000000    1559466646539676834 
0.305240    0.000000    -0.355857    0.000000    141.501594    175.000000    1559466646549552491 
0.303706    -0.401917    -0.355857    0.000000    125.896092    156.000000    1559466646559890426 
0.305240    0.000000    -0.355857    0.000000    141.501594    175.000000    1559466646569779987 
0.305240    0.000000    -0.355857    0.000000    141.501594    175.000000    1559466646580000676 
0.305240    0.000000    -0.355857    0.000000    141.501594    175.000000    1559466646589688994 
0.305240    0.000000    -0.355857    0.000000    141.501594    175.000000    1559466646599721567 
0.305240    0.000000    -0.355857    0.000000    141.501594    175.000000    1559466646609963579 
0.305240    0.000000    -0.355857    0.000000    141.501594    175.000000    1559466646619588980 
0.305240    0.000000    -0.355857    0.000000    141.501594    175.000000    1559466646629905138 
0.305240    0.000000    -0.355857    0.000000    141.501594    175.000000    1559466646639769460 
0.305240    0.000000    -0.357391    0.000000    141.433941    175.000000    1559466646649818911 
0.305240    0.000000    -0.357391    0.000000    141.433941    175.000000    1559466646659837835 
0.305240    0.000000    -0.357391    0.000000    141.433941    175.000000    1559466646670118568 
0.305240    0.000000    -0.357391    0.000000    141.433941    175.000000    1559466646679743793 
0.305240    0.000000    -0.357391    -0.447509    137.658842    170.000000    1559466646689567098 
0.305240    0.000000    -0.357391    0.000000    141.433941    175.000000    1559466646699755384 
0.305240    0.000000    -0.357391    -0.347403    138.503319    171.000000    1559466646709620867 
0.305240    0.000000    -0.357391    0.000000    141.433941    175.000000    1559466646719684730 
0.305240    0.389031    -0.355857    0.389031    159.123967    197.000000    1559466646729827784 
0.305240    0.000000    -0.355857    0.000000    141.501594    175.000000    1559466646739912111 
0.305240    0.000000    -0.355857    0.361931    144.554771    179.000000    1559466646749611585 
0.305240    0.000000    -0.355857    0.000000    141.501594    175.000000    1559466646759988134 
0.305240    0.000000    -0.357391    -0.382604    138.206369    171.000000    1559466646769663965 
0.305240    0.000000    -0.355857    0.000000    141.501594    175.000000    1559466646779754549 
0.305240    0.000000    -0.357391    0.000000    141.433941    175.000000    1559466646789705726 
0.305240    0.000000    -0.357391    -0.256091    139.273612    172.000000    1559466646800438722 
0.303706    -0.307982    -0.355857    0.307982    131.956821    163.000000    1559466646809919357 
0.305240    0.000000    -0.357391    -0.306691    138.846755    172.000000    1559466646819801725 
0.303706    0.000000    -0.355857    0.000000    140.711659    174.000000    1559466646829758420 
0.305240    0.000000    -0.357391    0.000000    141.433941    175.000000    1559466646839859112 
0.305240    0.000000    -0.355857    0.000000    141.501594    175.000000    1559466646849615736 
0.305240    0.000000    -0.357391    0.000000    141.433941    175.000000    1559466646859901016 
0.305240    0.307614    -0.357391    -0.307614    150.178338    186.000000    1559466646869680604 
0.305240    0.307088    -0.357391    -0.307088    150.163382    186.000000    1559466646879603783 
0.305240    0.307185    -0.355857    0.000000    152.825135    189.000000    1559466646889553778 
0.305240    0.000000    -0.355857    0.000000    141.501594    175.000000    1559466646899789817 
0.305240    0.000000    -0.355857    0.000000    141.501594    175.000000    1559466646909747128 
0.303706    -0.318034    -0.355857    0.000000    128.988204    160.000000    1559466646919915760 
0.305240    0.307167    -0.355857    0.000000    152.824485    189.000000    1559466646929922406 
0.305240    0.000000    -0.355857    0.000000    141.501594    175.000000    1559466646939814912 
0.305240    0.000000    -0.355857    0.000000    141.501594    175.000000    1559466646949736707 
0.305240    0.000000    -0.355857    0.000000    141.501594    175.000000    1559466646959583443 
0.305240    0.000000    -0.355857    0.000000    141.501594    175.000000    1559466646969510071 
0.305240    0.309051    -0.355857    0.000000    152.893921    189.000000    1559466646979945051 
0.303706    0.000000    -0.355857    0.000000    140.711659    174.000000    1559466646989835775 
0.305240    0.000000    -0.355857    0.000000    141.501594    175.000000    1559466647000067215 
0.303706    -0.295532    -0.355857    0.000000    129.817676    161.000000    1559466647009497688 
0.305240    0.312313    -0.355857    0.000000    153.014158    189.000000    1559466647019753179 
0.305240    0.310914    -0.355857    0.000000    152.962613    189.000000    1559466647029730344 
0.303706    0.000000    -0.355857    0.000000    140.711659    174.000000    1559466647039676530 
0.303706    0.000000    -0.355857    0.000000    140.711659    174.000000    1559466647049537158 
0.303706    0.000000    -0.355857    0.000000    140.711659    174.000000    1559466647059997413 
0.303706    0.000000    -0.355857    0.000000    140.711659    174.000000    1559466647069700648 
0.303706    0.000000    -0.355857    0.000000    140.711659    174.000000    1559466647079825523 
0.303706    0.000000    -0.355857    0.000000    140.711659    174.000000    1559466647089565007 
0.303706    0.000000    -0.355857    0.000000    140.711659    174.000000    1559466647099848503 
0.303706    0.000000    -0.355857    0.000000    140.711659    174.000000    1559466647110115828 
0.303706    0.000000    -0.355857    0.000000    140.711659    174.000000    1559466647119631895 
0.303706    0.000000    -0.355857    0.000000    140.711659    174.000000    1559466647129644226 
0.303706    0.000000    -0.355857    0.000000    140.711659    174.000000    1559466647139822346 
0.303706    0.000000    -0.355857    0.000000    140.711659    174.000000    1559466647149812216 
0.303706    0.000000    -0.355857    0.000000    140.711659    174.000000    1559466647159672647 
0.303706    0.000000    -0.355857    0.000000    140.711659    174.000000    1559466647170122225 
0.303706    0.000000    -0.355857    0.000000    140.711659    174.000000    1559466647179869122 
0.303706    0.000000    -0.355857    0.000000    140.711659    174.000000    1559466647189808903 
0.303706    0.000000    -0.355857    0.000000    140.711659    174.000000    1559466647199822961 
0.303706    0.000000    -0.355857    0.000000    140.711659    174.000000    1559466647209821209 
0.303706    0.000000    -0.355857    0.000000    140.711659    174.000000    1559466647220054783 
0.303706    0.000000    -0.355857    0.000000    140.711659    174.000000    1559466647229873761 
0.303706    0.000000    -0.355857    0.000000    140.711659    174.000000    1559466647239653402 
0.303706    0.000000    -0.355857    0.000000    140.711659    174.000000    1559466647249904630 
0.303706    0.000000    -0.355857    0.000000    140.711659    174.000000    1559466647259934223 
0.303706    0.000000    -0.355857    0.000000    140.711659    174.000000    1559466647269769168 
0.303706    0.000000    -0.355857    0.000000    140.711659    174.000000    1559466647279688473 
0.303706    0.000000    -0.355857    0.000000    140.711659    174.000000    1559466647289667420 
0.303706    0.000000    -0.355857    0.000000    140.711659    174.000000    1559466647299890233 
0.303706    0.000000    -0.355857    0.000000    140.711659    174.000000    1559466647309591916 
0.303706    0.000000    -0.355857    0.000000    140.711659    174.000000    1559466647319992898 
0.303706    0.000000    -0.355857    0.000000    140.711659    174.000000    1559466647329933577 
0.303706    0.000000    -0.355857    0.000000    140.711659    174.000000    1559466647339952092 
0.303706    0.000000    -0.357391    -0.311516    138.016121    171.000000    1559466647349699536 
0.303706    0.000000    -0.355857    0.000000    140.711659    174.000000    1559466647359652008 
0.303706    0.000000    -0.355857    0.000000    140.711659    174.000000    1559466647369914442 
0.303706    0.000000    -0.355857    0.000000    140.711659    174.000000    1559466647379822330 
0.303706    0.000000    -0.355857    0.000000    140.711659    174.000000    1559466647389893689 
0.303706    0.000000    -0.355857    0.000000    140.711659    174.000000    1559466647399841810 
0.303706    0.000000    -0.355857    0.000000    140.711659    174.000000    1559466647409859115 
0.303706    0.000000    -0.355857    0.000000    140.711659    174.000000    1559466647420921686 
0.303706    0.000000    -0.355857    0.000000    140.711659    174.000000    1559466647429927891 
0.303706    0.000000    -0.355857    0.000000    140.711659    174.000000    1559466647439894625 
0.303706    0.000000    -0.355857    0.000000    140.711659    174.000000    1559466647450167412 
0.305240    0.000000    -0.355857    0.000000    141.501594    175.000000    1559466647459862755 
0.305240    0.000000    -0.355857    0.305654    144.080027    178.000000    1559466647469908866 
0.305240    0.000000    -0.355857    0.000000    141.501594    175.000000    1559466647479892775 
0.305240    0.000000    -0.355857    0.000000    141.501594    175.000000    1559466647489675646 
0.305240    0.000000    -0.355857    0.000000    141.501594    175.000000    1559466647499527948 
0.305240    0.000000    -0.355857    0.000000    141.501594    175.000000    1559466647509838353 
0.305240    0.000000    -0.357391    0.000000    141.433941    175.000000    1559466647519685417 
0.305240    0.000000    -0.355857    0.306709    144.088931    178.000000    1559466647529742061 
0.305240    0.000000    -0.355857    0.306762    144.089374    178.000000    1559466647539723128 
0.305240    0.000000    -0.355857    0.000000    141.501594    175.000000    1559466647549916780 
0.305240    0.000000    -0.355857    0.000000    141.501594    175.000000    1559466647559709221 
0.305240    0.000000    -0.357391    0.000000    141.433941    175.000000    1559466647570180724 
0.305240    0.000000    -0.355857    0.000000    141.501594    175.000000    1559466647579587888 
0.305240    0.000000    -0.355857    0.000000    141.501594    175.000000    1559466647589697104 
0.305240    0.000000    -0.355857    0.000000    141.501594    175.000000    1559466647599783118 
0.305240    0.000000    -0.357391    0.000000    141.433941    175.000000    1559466647609626233 
0.305240    0.000000    -0.355857    0.000000    141.501594    175.000000    1559466647619939296 
0.305240    0.000000    -0.355857    0.304375    144.069244    178.000000    1559466647629672191 
0.305240    0.000000    -0.355857    0.000000    141.501594    175.000000    1559466647639973321 
0.305240    0.000000    -0.355857    0.000000    141.501594    175.000000    1559466647649835573 
0.305240    0.000000    -0.355857    0.308508    144.104104    178.000000    1559466647660055963 
0.305240    0.000000    -0.355857    0.000000    141.501594    175.000000    1559466647669945261 
0.305240    0.000000    -0.357391    0.000000    141.433941    175.000000    1559466647679587785 
0.305240    0.000000    -0.355857    0.000000    141.501594    175.000000    1559466647689810258 
0.305240    0.000000    -0.355857    0.000000    141.501594    175.000000    1559466647699771564 
0.305240    0.000000    -0.355857    0.000000    141.501594    175.000000    1559466647709913116 
0.305240    0.000000    -0.357391    -0.310405    138.815425    172.000000    1559466647719608508 
0.305240    0.312728    -0.357391    -0.312728    150.323690    186.000000    1559466647729547633 
0.305240    0.000000    -0.355857    0.304948    144.074074    178.000000    1559466647740378404 
0.305240    0.000000    -0.357391    0.000000    141.433941    175.000000    1559466647750061869 
0.305240    0.000000    -0.357391    0.000000    141.433941    175.000000    1559466647759724788 
0.305240    0.000000    -0.355857    0.000000    141.501594    175.000000    1559466647769728815 
0.305240    0.000000    -0.355857    0.000000    141.501594    175.000000    1559466647779893260 
0.305240    0.000000    -0.355857    0.308434    144.103482    178.000000    1559466647789783133 
0.305240    0.000000    -0.355857    0.000000    141.501594    175.000000    1559466647799555282 
0.305240    0.000000    -0.355857    0.000000    141.501594    175.000000    1559466647809893471 
0.305240    0.000000    -0.355857    0.000000    141.501594    175.000000    1559466647819579542 
0.305240    0.000000    -0.355857    0.000000    141.501594    175.000000    1559466647829932143 
0.305240    0.000000    -0.355857    0.000000    141.501594    175.000000    1559466647839702086 
0.305240    0.305919    -0.357391    -0.305919    150.130150    186.000000    1559466647849940405 
0.303706    -0.307120    -0.355857    0.000000    129.390494    160.000000    1559466647859789102 
0.305240    0.000000    -0.355857    0.000000    141.501594    175.000000    1559466647869913679 
0.305240    0.308834    -0.355857    0.308834    155.491189    192.000000    1559466647879895470 
0.305240    0.434930    -0.355857    0.000000    157.534116    195.000000    1559466648885439564 
