  -1.2476560e+00   3.6464840e+00  -4.9806080e-03
  -1.2476560e+00   3.7343750e+00   3.0924928e-02
  -1.2476560e+00   3.6464840e+00   6.5841536e-02
  -1.2476560e+00   3.6464840e+00   9.9820160e-02
  -1.3355470e+00   3.6464840e+00   1.3574080e-01
  -1.4234380e+00   3.6464840e+00   1.7972339e-01
  -1.5113280e+00   3.6464840e+00   2.1762573e-01
  -1.5113280e+00   3.6464840e+00   2.6165619e-01
  -1.5113280e+00   3.6464840e+00   3.0157683e-01
  -1.5992190e+00   3.5585940e+00   3.3267776e-01
  -1.5992190e+00   3.4707030e+00   3.7631757e-01
  -1.5992190e+00   3.2949220e+00   4.2156454e-01
  -1.5992190e+00   3.2070310e+00   4.8547059e-01
  -1.6871090e+00   3.2070310e+00   5.2948621e-01
  -1.6871090e+00   3.2070310e+00   5.6147930e-01
  -1.6871090e+00   3.2070310e+00   5.9916045e-01
  -1.5992190e+00   3.2070310e+00   6.3339610e-01
  -1.5992190e+00   3.1191410e+00   6.8060096e-01
  -1.5113280e+00   3.0312500e+00   7.1754688e-01
  -1.4234380e+00   2.7675780e+00   7.5872755e-01
  -1.3355470e+00   2.3281250e+00   7.9691021e-01
  -1.2476560e+00   1.8007810e+00   8.3275379e-01
  -9.8398400e-01   1.2734380e+00   8.6955302e-01
  -8.0820300e-01   6.5820300e-01   9.0826944e-01
  -6.3242200e-01  -2.2070300e-01   9.4554253e-01
  -1.9296900e-01  -1.7148440e+00   9.8555251e-01
   1.5859400e-01  -2.9453120e+00   1.0234646e+00
   3.3437500e-01  -3.9121090e+00   1.0583116e+00
   5.9804700e-01  -4.8789060e+00   1.0975604e+00
   7.7382800e-01  -5.7578120e+00   1.1348297e+00
   9.4960900e-01  -6.7246090e+00   1.1894693e+00
   1.2132810e+00  -7.6914060e+00   1.2347690e+00
   1.3890620e+00  -8.5703120e+00   1.2727807e+00
   1.6527340e+00  -9.3613280e+00   1.3135510e+00
   1.9164060e+00  -9.7128910e+00   1.3534985e+00
   2.1800780e+00  -9.8886720e+00   1.3956686e+00
   2.6195310e+00  -1.0152344e+01   1.4375922e+00
   2.9710940e+00  -1.0679688e+01   1.4755465e+00
   3.3226560e+00  -1.1031250e+01   1.5153133e+00
   3.4984380e+00  -1.1207031e+01   1.5522065e+00
   3.6742190e+00  -1.1470703e+01   1.5871702e+00
   3.9378910e+00  -1.1646484e+01   1.6254314e+00
   4.0257810e+00  -1.1558594e+01   1.6709746e+00
   4.0257810e+00  -1.1294922e+01   1.7135174e+00
   4.0257810e+00  -1.0240234e+01   1.7549272e+00
   3.9378910e+00  -9.0097660e+00   1.7894655e+00
   3.6742190e+00  -7.5156250e+00   1.8255615e+00
   3.3226560e+00  -5.4062500e+00   1.8647732e+00
   2.8832030e+00  -3.2968750e+00   1.9013006e+00
   2.1800780e+00   4.2969000e-02   1.9414726e+00
   5.1015600e-01   5.3164060e+00   2.0014691e+00
  -6.3242200e-01   9.5351560e+00   2.0414918e+00
  -1.9507810e+00   1.3138672e+01   2.0773114e+00
  -3.2691410e+00   1.6390625e+01   2.1114029e+00
  -4.6753910e+00   1.8939453e+01   2.1432163e+00
  -6.1695310e+00   2.1224609e+01   2.1782696e+00
  -6.9605470e+00   2.2455078e+01   2.2131741e+00
  -7.4878910e+00   2.2191406e+01   2.2480334e+00
  -8.0152340e+00   2.2015625e+01   2.2828648e+00
  -8.8941410e+00   2.1576172e+01   2.3177550e+00
  -9.1578120e+00   2.0521484e+01   2.3528129e+00
  -8.9820310e+00   1.9027344e+01   2.3876289e+00
  -8.8941410e+00   1.6917969e+01   2.4236829e+00
  -8.4546880e+00   1.3314453e+01   2.4585486e+00
  -7.9273440e+00   8.8320310e+00   2.4925403e+00
  -7.4000000e+00   4.5253910e+00   2.5274423e+00
  -6.9605470e+00   9.2187500e-01   2.5623448e+00
  -6.2574220e+00  -2.2421880e+00   2.5982340e+00
  -4.3238280e+00  -5.5820310e+00   2.6331501e+00
  -2.4781250e+00  -1.0152344e+01   2.6680941e+00
  -9.8398400e-01  -1.3580078e+01   2.7030132e+00
