0.000000    0.000000    0.000000    0.000000    0.000000    -2.000000    1559465754076992264 
0.000000    0.000000    0.000000    0.000000    0.000000    -2.000000    1559465754082446327 
0.000000    0.000000    0.000000    0.000000    0.000000    -2.000000    1559465754087362841 
0.000000    0.000000    0.000000    0.000000    0.000000    -2.000000    1559465754094977823 
0.000000    0.000000    0.000000    0.000000    0.000000    -2.000000    1559465754105065333 
0.000000    0.000000    0.000000    0.000000    0.000000    -2.000000    1559465754115083655 
0.000000    0.000000    0.000000    0.000000    0.000000    -2.000000    1559465754125196643 
0.000000    0.000000    0.000000    0.000000    0.000000    -2.000000    1559465754135322511 
0.000000    0.000000    0.000000    0.000000    0.000000    -2.000000    1559465754145057843 
0.000000    0.000000    0.000000    0.000000    0.000000    -2.000000    1559465754155377916 
0.000000    0.000000    0.000000    0.000000    0.000000    -2.000000    1559465754165038660 
0.000000    0.000000    0.000000    0.000000    0.000000    -2.000000    1559465754175318375 
0.000000    0.000000    0.000000    0.000000    0.000000    -2.000000    1559465754185018328 
0.000000    0.000000    0.000000    0.000000    0.000000    -2.000000    1559465754195193483 
0.000000    0.000000    0.000000    0.000000    0.000000    -2.000000    1559465754204929556 
-0.007669    0.000000    0.000000    0.000000    -3.949674    -6.000000    1559465754215213785 
-0.007669    0.000000    0.000000    -0.417621    -7.472645    -10.000000    1559465754225316712 
-0.007669    0.000000    0.000000    0.000000    -3.949674    -6.000000    1559465754235650311 
-0.007669    0.000000    0.000000    0.000000    -3.949674    -6.000000    1559465754245210970 
-0.007669    0.000000    0.001534    0.438644    -0.181709    -2.000000    1559465754255163776 
-0.007669    0.000000    0.001534    0.000000    -3.882022    -6.000000    1559465754265207893 
-0.007669    0.000000    0.000000    -0.212176    -5.739552    -8.000000    1559465754275477377 
-0.007669    0.000000    0.000000    0.000000    -3.949674    -6.000000    1559465754285034863 
-0.007669    0.000000    -0.001534    -0.558818    -8.731406    -12.000000    1559465754295567983 
-0.007669    0.000000    0.000000    0.194826    -2.306163    -4.000000    1559465754305102544 
-0.007669    0.000000    -0.003068    -0.377920    -7.273039    -10.000000    1559465754315332316 
-0.007669    0.000000    -0.004602    -0.193510    -5.785047    -8.000000    1559465754325153945 
-0.007669    0.000000    -0.006135    0.000000    -4.220285    -6.000000    1559465754335120974 
-0.006135    0.000000    -0.009203    -0.479367    -7.609498    -10.000000    1559465754345254453 
-0.006135    0.000000    -0.009203    0.000000    -3.565656    -5.000000    1559465754355613572 
-0.006135    0.000000    -0.013805    -0.383440    -7.003238    -9.000000    1559465754365275445 
-0.004602    0.273142    -0.015339    -0.273142    4.718146    8.000000    1559465754375263079 
-0.004602    0.000000    -0.021474    -0.360112    -6.354779    -9.000000    1559465754385358968 
-0.004602    0.000000    -0.023008    -0.191729    -5.001981    -7.000000    1559465754395650330 
-0.003068    0.000000    -0.030677    -0.309274    -5.541899    -8.000000    1559465754405305812 
-0.001534    0.000000    -0.035279    -0.968321    -10.514508    -14.000000    1559465754415258161 
-0.001534    0.000000    -0.036813    -0.306810    -5.001785    -7.000000    1559465754425321029 
0.000000    0.000000    -0.044482    -0.358443    -4.985682    -7.000000    1559465754435056900 
0.000000    0.000000    -0.049084    -0.581663    -7.071685    -10.000000    1559465754445373023 
0.001534    0.386892    -0.055219    -0.773784    6.088681    10.000000    1559465754455097164 
0.001534    0.000000    -0.061355    -0.512696    -6.241178    -9.000000    1559465754465285766 
0.003068    0.499042    -0.062889    -0.499042    12.992113    18.000000    1559465754475214709 
0.004602    0.262189    -0.070558    -0.786568    2.287350    5.000000    1559465754485299566 
0.006135    0.486880    -0.078227    -0.973760    9.442521    14.000000    1559465754495584902 
0.007669    0.000000    -0.087430    -0.825937    -6.873975    -9.000000    1559465754505029076 
0.009203    0.000000    -0.090498    -0.744418    -5.531662    -8.000000    1559465754515296781 
0.010737    0.000000    -0.095100    -0.331745    -1.463466    -3.000000    1559465754525541005 
0.012271    0.191410    -0.096634    -0.191410    7.498466    11.000000    1559465754535396122 
0.015339    0.313705    -0.104303    -0.627410    9.570145    14.000000    1559465754545031460 
0.016873    0.311707    -0.107371    -0.311707    12.814325    18.000000    1559465754555171149 
0.016873    0.000000    -0.108905    -0.305341    1.310139    4.000000    1559465754565242709 
0.018406    0.000000    -0.113506    -0.803382    -2.304256    -4.000000    1559465754575328994 
0.018406    0.000000    -0.115040    -0.323307    1.677910    4.000000    1559465754585209449 
0.018406    0.000000    -0.118108    -0.383265    1.036807    3.000000    1559465754595322253 
0.018406    0.000000    -0.121176    -0.327718    1.370088    4.000000    1559465754605431323 
0.018406    0.000000    -0.121176    0.000000    4.134649    7.000000    1559465754615642943 
0.019940    0.243001    -0.122709    0.000000    13.814505    19.000000    1559465754625315252 
0.019940    0.000000    -0.125777    -0.383661    1.485140    4.000000    1559465754635399644 
0.021474    0.191821    -0.125777    0.000000    12.582540    17.000000    1559465754644986513 
0.019940    -0.338972    -0.127311    0.000000    -7.841322    -11.000000    1559465754655715039 
0.021474    0.000000    -0.125777    0.190178    7.115864    11.000000    1559465754665432366 
0.021474    0.000000    -0.125777    0.400168    8.887302    13.000000    1559465754675464730 
0.021474    0.000000    -0.125777    0.000000    5.511561    9.000000    1559465754685097889 
0.021474    0.282289    -0.127311    0.000000    15.849722    21.000000    1559465754695190712 
0.019940    -0.372275    -0.127311    0.000000    -9.068949    -12.000000    1559465754705534936 
0.019940    0.000000    -0.127311    0.000000    4.653973    8.000000    1559465754715360409 
0.019940    0.000000    -0.127311    0.000000    4.653973    8.000000    1559465754725134724 
0.019940    0.000000    -0.127311    0.000000    4.653973    8.000000    1559465754735254063 
0.019940    0.000000    -0.125777    0.269320    6.993553    11.000000    1559465754745199925 
0.018406    0.000000    -0.125777    0.489997    8.065208    12.000000    1559465754755114855 
0.019940    0.000000    -0.125777    0.000000    4.721626    8.000000    1559465754765179838 
0.018406    -0.293182    -0.127311    -0.293182    -9.416559    -12.000000    1559465754775097594 
0.019940    0.000000    -0.127311    -0.520935    0.259470    -2.000000    1559465754785100041 
0.018406    0.000000    -0.127311    0.000000    3.864038    7.000000    1559465754795352662 
0.018406    0.000000    -0.127311    -0.208248    2.107297    5.000000    1559465754805155622 
0.018406    0.000000    -0.127311    0.000000    3.864038    7.000000    1559465754815296197 
0.018406    0.000000    -0.127311    0.000000    3.864038    7.000000    1559465754825129671 
0.018406    0.000000    -0.128845    -0.382678    0.568190    3.000000    1559465754835293323 
0.018406    0.000000    -0.128845    0.000000    3.796385    7.000000    1559465754845290091 
0.018406    0.000000    -0.128845    0.000000    3.796385    7.000000    1559465754855107304 
0.018406    -0.255990    -0.128845    0.000000    -5.640008    -8.000000    1559465754865357493 
0.018406    0.000000    -0.128845    0.000000    3.796385    7.000000    1559465754875310528 
0.018406    -0.504713    -0.128845    0.504713    -10.550825    -14.000000    1559465754885229871 
0.018406    0.000000    -0.128845    0.000000    3.796385    7.000000    1559465754895593487 
0.018406    0.000000    -0.130379    -0.325897    0.979534    3.000000    1559465754905331109 
0.018406    0.000000    -0.130379    0.000000    3.728733    7.000000    1559465754915637608 
0.018406    0.000000    -0.131913    -0.246893    1.578339    4.000000    1559465754925392364 
0.016873    0.000000    -0.131913    0.000000    2.871145    6.000000    1559465754935528299 
0.016873    0.000000    -0.133446    0.000000    2.803492    5.000000    1559465754945210267 
0.018406    0.000000    -0.134980    0.000000    3.525774    6.000000    1559465754955290624 
0.018406    0.000000    -0.136514    -0.352567    0.483941    3.000000    1559465754965042187 
0.018406    0.000000    -0.136514    0.000000    3.458122    6.000000    1559465754975447441 
0.018406    0.000000    -0.136514    0.000000    3.458122    6.000000    1559465754985168034 
0.019940    0.000000    -0.136514    0.000000    4.248056    7.000000    1559465754995218150 
0.018406    0.000000    -0.138048    -0.309903    0.776191    3.000000    1559465755005390548 
0.018406    0.000000    -0.138048    0.000000    3.390469    6.000000    1559465755015102944 
0.018406    0.000000    -0.138048    0.000000    3.390469    6.000000    1559465755025392529 
0.018406    0.000000    -0.138048    0.000000    3.390469    6.000000    1559465755035053640 
0.016873    -0.203178    -0.138048    0.000000    -4.889079    -7.000000    1559465755045210522 
0.016873    0.000000    -0.138048    0.000000    2.600534    5.000000    1559465755055332049 
0.015339    -0.337601    -0.138048    0.000000    -10.634136    -14.000000    1559465755065071496 
0.015339    -0.343377    -0.138048    0.000000    -10.847067    -14.000000    1559465755075523181 
0.015339    0.000000    -0.138048    0.000000    1.810599    4.000000    1559465755085303715 
0.015339    0.000000    -0.138048    0.000000    1.810599    4.000000    1559465755095066420 
0.015339    0.000000    -0.139582    -0.191333    0.128900    -2.000000    1559465755105088916 
0.013805    -0.191066    -0.141116    -0.191066    -7.769579    -10.000000    1559465755115387536 
0.015339    0.400318    -0.142650    -0.400318    12.987275    18.000000    1559465755125469816 
0.015339    0.465161    -0.145717    -0.465161    14.695225    20.000000    1559465755135384923 
0.015339    0.000000    -0.150319    -0.632278    -4.064390    -6.000000    1559465755145071533 
0.015339    -0.426700    -0.154921    -0.426700    -18.262258    -23.000000    1559465755155328447 
0.016873    0.000000    -0.157988    -0.618198    -3.493946    -5.000000    1559465755165372951 
0.018406    0.191489    -0.159522    -0.191489    7.886699    12.000000    1559465755175715493 
0.018406    0.000000    -0.161056    -0.206410    0.634445    3.000000    1559465755185432963 
0.018406    0.000000    -0.164124    -0.315839    -0.423983    -2.000000    1559465755195285732 
0.018406    0.000000    -0.168725    -0.284130    -0.359452    -2.000000    1559465755204996278 
0.016873    -0.262292    -0.173327    -0.262292    -10.836823    -14.000000    1559465755215244177 
0.018406    0.000000    -0.179463    -0.474663    -2.440316    -4.000000    1559465755225082479 
0.016873    -0.212737    -0.180996    -0.212737    -8.930339    -12.000000    1559465755235304442 
0.016873    0.000000    -0.185598    -0.295897    -1.992828    -3.000000    1559465755245104173 
0.016873    0.000000    -0.191733    -0.772466    -6.283684    -9.000000    1559465755255326765 
0.018406    0.488103    -0.197869    -0.976206    10.509533    15.000000    1559465755265390240 
0.018406    0.000000    -0.204004    -1.109738    -8.880129    -12.000000    1559465755275154642 
0.018406    0.000000    -0.211674    -1.992191    -16.662592    -21.000000    1559465755285317844 
0.019940    0.000000    -0.219343    -1.144376    -9.058923    -12.000000    1559465755295169407 
0.019940    -0.399548    -0.228546    -1.598193    -28.021415    -35.000000    1559465755305207593 
0.021474    0.000000    -0.236216    -1.517980    -12.164816    -16.000000    1559465755315435949 
0.021474    0.000000    -0.248487    -0.921618    -7.675249    -10.000000    1559465755325092627 
0.021474    0.000000    -0.257690    -0.966262    -8.457767    -11.000000    1559465755335296384 
0.021474    -0.379593    -0.268427    -1.518372    -27.581502    -35.000000    1559465755345143694 
0.023008    0.283807    -0.273028    -0.851421    3.086193    6.000000    1559465755355212291 
0.024542    0.252558    -0.283766    -1.010233    0.910949    3.000000    1559465755365203566 
0.024542    0.000000    -0.302172    -0.811706    -7.536028    -10.000000    1559465755375324528 
0.027610    0.379933    -0.314443    -1.139800    4.740102    8.000000    1559465755385012693 
0.029143    0.272115    -0.323646    -0.816345    3.878289    7.000000    1559465755395158206 
0.030677    0.380431    -0.332849    -1.141292    5.513882    9.000000    1559465755404995679 
0.033745    0.575037    -0.337451    -0.862556    16.415808    22.000000    1559465755415596181 
0.038347    0.593366    -0.345120    -0.593366    21.393804    28.000000    1559465755425330353 
0.042948    0.000000    -0.349722    0.000000    6.693344    10.000000    1559465755435244524 
0.050618    0.894356    -0.351256    0.000000    43.543375    55.000000    1559465755445478410 
0.053685    0.632444    -0.352790    -0.316222    32.733322    42.000000    1559465755455208205 
0.059821    0.887274    -0.355857    -0.295758    45.324027    57.000000    1559465755465273762 
0.064422    0.000000    -0.358925    -0.511235    13.033838    18.000000    1559465755475279784 
0.070558    0.620471    -0.360459    -0.310235    40.693500    52.000000    1559465755485428719 
0.076693    0.754039    -0.361993    0.000000    51.326303    65.000000    1559465755495298606 
0.081295    0.608817    -0.366594    -0.608817    43.004074    55.000000    1559465755505345109 
0.087430    0.616451    -0.369662    -0.308225    48.845633    62.000000    1559465755515577087 
0.093566    0.925993    -0.374264    -0.617329    60.605313    76.000000    1559465755525106207 
0.099701    0.617904    -0.377331    -0.308952    54.874304    69.000000    1559465755535327186 
0.107371    0.919379    -0.383467    -0.612919    67.102214    84.000000    1559465755545088477 
0.116574    0.920023    -0.388069    -0.613349    71.658985    90.000000    1559465755555235995 
0.125777    0.930376    -0.394204    -0.620251    76.451396    96.000000    1559465755565338528 
0.133446    0.617071    -0.400339    -0.617071    68.608141    86.000000    1559465755575353952 
0.142650    0.922606    -0.406475    -0.615071    84.356728    105.000000    1559465755585424535 
0.151853    0.901771    -0.412610    -0.601181    88.174876    110.000000    1559465755595196227 
0.161056    0.907745    -0.417212    -0.302582    95.450667    119.000000    1559465755605212086 
0.171793    1.222859    -0.423348    -0.611429    109.720029    136.000000    1559465755615357296 
0.182530    1.227157    -0.429483    -0.920368    112.531265    140.000000    1559465755625179893 
0.194801    1.222592    -0.434085    -0.611296    121.086780    150.000000    1559465755635412738 
0.205538    0.914384    -0.438686    -0.304795    117.637706    146.000000    1559465755645106906 
0.217809    1.228961    -0.443288    -0.614481    132.737794    164.000000    1559465755656207436 
0.227012    0.919238    -0.446356    -0.306413    128.523800    159.000000    1559465755665081045 
0.239283    1.236668    -0.447889    0.000000    149.061666    184.000000    1559465755675466779 
0.250020    1.238348    -0.449423    0.000000    154.585479    191.000000    1559465755685169081 
0.260758    0.920859    -0.447889    0.306953    151.068678    187.000000    1559465755695133360 
0.273028    0.912443    -0.444822    0.608295    159.755292    197.000000    1559465755705222214 
0.280698    0.584110    -0.441754    0.584110    151.533137    187.000000    1559465755715472862 
0.285299    0.616063    -0.432551    0.924094    158.354753    196.000000    1559465755725237238 
0.292969    0.626156    -0.423348    1.252311    165.851171    205.000000    1559465755735066750 
0.294503    0.000000    -0.411077    1.567205    146.757176    181.000000    1559465755745017130 
0.292969    -0.308812    -0.400339    1.235250    132.256968    164.000000    1559465755755446250 
0.291435    0.000000    -0.389602    1.226581    143.251014    177.000000    1559465755765180611 
0.291435    0.000000    -0.377331    1.234258    143.856996    178.000000    1559465755775373423 
0.291435    -0.620097    -0.368128    0.930146    118.839276    147.000000    1559465755785304999 
0.292969    0.306532    -0.360459    0.919597    154.036175    190.000000    1559465755795604395 
0.292969    0.000000    -0.354323    0.618909    140.470762    174.000000    1559465755805402352 
0.292969    0.000000    -0.346654    0.614350    140.770567    174.000000    1559465755815007126 
0.294503    0.306037    -0.340519    0.612073    153.093113    189.000000    1559465755825110836 
0.296036    0.308088    -0.337451    0.308088    151.529613    187.000000    1559465755835557523 
0.297570    0.318494    -0.337451    0.000000    150.104182    186.000000    1559465755845240572 
0.297570    0.000000    -0.335917    0.316634    141.102466    175.000000    1559465755855533671 
0.297570    0.000000    -0.335917    0.000000    138.431406    171.000000    1559465755865390397 
0.296036    0.000000    -0.337451    0.000000    137.573818    170.000000    1559465755875204715 
0.294503    0.000000    -0.335917    0.307455    139.445167    173.000000    1559465755885375196 
0.292969    0.000000    -0.332849    0.255450    138.351835    171.000000    1559465755895321343 
0.296036    0.299320    -0.332849    0.000000    148.810396    184.000000    1559465755905200196 
0.296036    -0.387285    -0.332849    0.000000    123.500553    153.000000    1559465755915072713 
0.294503    -0.386315    -0.332849    0.000000    122.746387    152.000000    1559465755925243378 
0.291435    -0.390291    -0.334383    -0.390291    117.659874    146.000000    1559465755935227798 
0.291435    0.000000    -0.337451    -0.623119    129.947507    161.000000    1559465755945624157 
0.291435    0.000000    -0.337451    0.000000    135.204014    167.000000    1559465755955348341 
0.291435    0.000000    -0.338985    0.000000    135.136361    167.000000    1559465755965160387 
0.292969    0.305450    -0.342053    -0.305450    144.473868    179.000000    1559465755975170913 
0.291435    -0.313417    -0.345120    -0.313417    120.668558    150.000000    1559465755985277065 
0.291435    -0.306441    -0.348188    -0.306441    120.849265    150.000000    1559465755995164730 
0.291435    0.000000    -0.352790    -0.254121    132.383774    164.000000    1559465756005365472 
0.291435    0.000000    -0.354323    0.000000    134.459833    166.000000    1559465756015079320 
0.291435    0.000000    -0.355857    0.000000    134.392180    166.000000    1559465756024979757 
0.291435    0.000000    -0.358925    0.000000    134.256875    166.000000    1559465756035249654 
0.291435    0.000000    -0.360459    0.308045    136.787828    169.000000    1559465756045311859 
0.291435    0.000000    -0.361993    0.000000    134.121569    166.000000    1559465756055076916 
0.291435    0.000000    -0.360459    0.306622    136.775824    169.000000    1559465756065140673 
0.292969    0.307813    -0.358925    0.307813    148.990167    184.000000    1559465756075187698 
0.292969    0.000000    -0.357391    0.000000    135.114462    167.000000    1559465756085419378 
0.292969    0.000000    -0.355857    0.310265    137.799452    171.000000    1559465756095130705 
0.294503    0.000000    -0.355857    0.000000    135.972050    168.000000    1559465756105444687 
0.296036    0.306727    -0.354323    0.000000    148.136291    183.000000    1559465756115339778 
0.294503    0.000000    -0.354323    -0.307646    133.444467    165.000000    1559465756125052697 
0.296036    0.303367    -0.351256    0.303367    150.706889    186.000000    1559465756135424853 
0.294503    0.000000    -0.351256    0.000000    136.175008    169.000000    1559465756145281335 
0.294503    0.000000    -0.349722    0.308902    138.848494    172.000000    1559465756155639374 
0.294503    0.000000    -0.349722    0.000000    136.242661    169.000000    1559465756165372610 
0.294503    0.000000    -0.348188    0.000000    136.310314    169.000000    1559465756175302569 
0.292969    -0.308006    -0.348188    0.000000    124.166587    154.000000    1559465756185484419 
0.294503    0.000000    -0.346654    0.000000    136.377967    169.000000    1559465756195206651 
0.294503    0.000000    -0.345120    0.306966    139.035124    172.000000    1559465756205002611 
0.296036    0.307615    -0.345120    0.000000    148.574944    184.000000    1559465756215258233 
0.296036    0.000000    -0.346654    -0.310992    134.544433    167.000000    1559465756225074023 
0.296036    0.000000    -0.348188    -0.306741    134.512645    167.000000    1559465756235230426 
0.296036    0.000000    -0.349722    -0.305417    134.456156    166.000000    1559465756245039818 
0.296036    0.000000    -0.348188    0.000000    137.100249    170.000000    1559465756255381637 
0.294503    -0.313170    -0.349722    0.000000    124.698478    155.000000    1559465756265093527 
0.296036    0.000000    -0.351256    -0.299746    134.436349    166.000000    1559465756275048986 
0.296036    0.000000    -0.352790    -0.308548    134.294439    166.000000    1559465756285430008 
0.296036    0.000000    -0.352790    0.307249    139.489177    173.000000    1559465756295310461 
0.296036    0.000000    -0.354323    0.000000    136.829638    169.000000    1559465756305168117 
0.296036    0.000000    -0.354323    0.000000    136.829638    169.000000    1559465756315178872 
0.296036    0.000000    -0.354323    0.000000    136.829638    169.000000    1559465756324943452 
0.294503    -0.253755    -0.355857    0.000000    126.618046    157.000000    1559465756335312192 
0.296036    0.302243    -0.355857    0.000000    147.903344    183.000000    1559465756345202980 
0.294503    -0.309055    -0.355857    0.000000    124.579572    154.000000    1559465756355380128 
0.294503    -0.382787    -0.355857    0.000000    121.861647    151.000000    1559465756365410238 
0.296036    0.308100    -0.355857    0.000000    148.119259    183.000000    1559465756375158862 
0.296036    0.000000    -0.355857    0.000000    136.761985    169.000000    1559465756385121761 
0.296036    0.000000    -0.355857    0.000000    136.761985    169.000000    1559465757391406868 
0.299104    0.000000    -0.345120    -0.387776    135.544222    168.000000    1559465758392959916 
0.299104    0.000000    -0.345120    0.000000    138.815424    172.000000    1559465759394565487 
0.299104    0.000000    -0.345120    0.000000    138.815424    172.000000    1559465760395544280 
0.299104    0.000000    -0.345120    0.000000    138.815424    172.000000    1559465761396519528 
