0.000000    0.000000    0.000000    0.000000    0.000000    -2.000000    1559467674453148878 
0.000000    0.000000    0.000000    0.000000    0.000000    -2.000000    1559467674458522093 
0.000000    0.000000    0.000000    0.000000    0.000000    -2.000000    1559467674463504505 
0.000000    0.000000    0.000000    0.000000    0.000000    -2.000000    1559467674471090854 
0.000000    0.000000    0.000000    0.000000    0.000000    -2.000000    1559467674481461040 
0.000000    0.000000    0.000000    0.000000    0.000000    -2.000000    1559467674491485694 
0.000000    0.000000    0.000000    0.000000    0.000000    -2.000000    1559467674501177072 
0.000000    0.000000    0.000000    0.000000    0.000000    -2.000000    1559467674511529222 
0.000000    0.000000    0.000000    0.000000    0.000000    -2.000000    1559467674521528073 
0.000000    0.000000    0.000000    0.000000    0.000000    -2.000000    1559467674531446876 
0.000000    0.000000    0.000000    0.000000    0.000000    -2.000000    1559467674541207397 
0.000000    0.000000    0.000000    0.000000    0.000000    -2.000000    1559467674551350227 
0.000000    0.000000    0.000000    0.000000    0.000000    -2.000000    1559467674561350743 
0.000000    0.000000    0.000000    0.000000    0.000000    -2.000000    1559467674571461430 
0.000000    0.000000    0.000000    0.000000    0.000000    -2.000000    1559467674581452318 
0.128845    0.000000    -0.184064    0.000000    58.236196    73.000000    1559467674591511853 
0.128845    0.000000    -0.184064    0.000000    58.236196    73.000000    1559467674601500202 
0.128845    0.000000    -0.184064    0.000000    58.236196    73.000000    1559467674611582577 
0.128845    0.000000    -0.184064    0.000000    58.236196    73.000000    1559467674621663192 
0.128845    0.000000    -0.182530    0.223198    60.186704    76.000000    1559467674632070494 
0.131913    0.585993    -0.182530    0.000000    81.484777    102.000000    1559467674641323687 
0.134980    0.707195    -0.179463    0.353598    90.650619    113.000000    1559467674651188815 
0.134980    0.000000    -0.174861    0.620754    67.038410    84.000000    1559467674661639661 
0.134980    0.000000    -0.170259    0.569264    66.807009    84.000000    1559467674671698798 
0.134980    -0.322585    -0.127311    3.548439    81.941770    102.000000    1559467674681342968 
0.130379    -1.087647    -0.107371    4.713137    62.074680    78.000000    1559467674691524598 
0.125777    -1.156920    -0.039881    12.340484    124.470796    154.000000    1559467674701700010 
0.110438    -1.616917    0.012271    3.054176    23.577680    31.000000    1559467674711271681 
0.062889    -4.823134    0.130379    13.263617    -27.764758    -35.000000    1559467674721381231 
0.032211    -5.716440    0.171793    7.717194    -121.454682    -149.000000    1559467674731448936 
-0.044482    -12.125216    0.280698    17.429997    -310.455014    -380.000000    1559467674741546894 
-0.125777    -7.055234    0.378865    8.623064    -235.394130    -289.000000    1559467674751281414 
-0.185598    -6.185736    0.452491    8.139126    -234.984960    -288.000000    1559467674761436543 
-0.234682    -4.860461    0.523049    6.683133    -220.580619    -271.000000    1559467674771402698 
-0.260758    -1.790661    0.578268    5.073540    -131.992351    -162.000000    1559467674781580093 
-0.260758    0.304600    0.619683    3.959805    -62.324816    -77.000000    1559467674791307825 
-0.246953    1.525363    0.635021    0.915218    -35.222270    -44.000000    1559467674801341577 
-0.236216    0.623452    0.630420    -0.623452    -76.122127    -94.000000    1559467674811301766 
-0.220877    1.541038    0.619683    -1.232830    -40.012616    -50.000000    1559467674821605006 
-0.211674    0.303447    0.599742    -2.124127    -89.291744    -110.000000    1559467674831503867 
-0.208606    0.000000    0.578268    -2.155517    -100.109557    -123.000000    1559467674841650981 
-0.210140    0.000000    0.552192    -2.750664    -107.070130    -132.000000    1559467674851189803 
-0.213208    -0.310171    0.524583    -3.101715    -124.262778    -153.000000    1559467674861437278 
-0.219343    -0.928876    0.493905    -2.786629    -148.924446    -183.000000    1559467674871380133 
-0.225479    -0.610304    0.461694    -3.356672    -146.570360    -180.000000    1559467674881735681 
-0.222411    0.308737    0.431017    -3.087373    -110.193818    -136.000000    1559467674891619789 
-0.222411    0.307466    0.400339    -2.767198    -108.892791    -134.000000    1559467674901171485 
-0.214741    1.220983    0.372730    -2.747212    -72.317940    -89.000000    1559467674911509738 
-0.210140    0.306604    0.349722    -2.146226    -99.599259    -123.000000    1559467674921358309 
-0.208606    0.616593    0.337451    -0.924889    -77.620688    -96.000000    1559467674931717424 
-0.207072    -0.307972    0.334383    -0.307972    -105.843429    -130.000000    1559467674941561965 
-0.211674    -0.613927    0.331315    -0.306964    -119.618262    -147.000000    1559467674951197925 
-0.211674    0.304288    0.328248    0.000000    -83.316555    -103.000000    1559467674961431163 
-0.219343    -0.924640    0.328248    0.000000    -132.567350    -163.000000    1559467674971425016 
-0.217809    0.306235    0.326714    0.000000    -86.472185    -107.000000    1559467674981584481 
-0.211674    0.609977    0.325180    0.000000    -72.183466    -89.000000    1559467674991335964 
-0.211674    -0.309238    0.320578    -0.309238    -108.879487    -134.000000    1559467675001540892 
-0.210140    0.308636    0.317511    -0.308636    -85.443522    -105.000000    1559467675011379043 
-0.208606    0.307656    0.314443    -0.307656    -84.816731    -105.000000    1559467675021407561 
-0.213208    -0.618629    0.308307    -0.618629    -124.225464    -153.000000    1559467675031587538 
-0.214741    0.000000    0.302172    -0.615308    -102.453900    -126.000000    1559467675041345847 
-0.213208    0.000000    0.296036    -0.766416    -103.209289    -127.000000    1559467675051169276 
-0.213208    0.000000    0.294503    -0.385292    -100.061860    -123.000000    1559467675061405548 
-0.214741    0.000000    0.288367    -0.612369    -103.037985    -127.000000    1559467675071301765 
-0.217809    -0.774833    0.282232    -0.774833    -134.821082    -166.000000    1559467675081508321 
-0.217809    0.000000    0.276096    -0.307807    -102.589851    -126.000000    1559467675091565019 
-0.213208    0.389001    0.273028    -0.389001    -86.700810    -107.000000    1559467675101722848 
-0.211674    0.385781    0.269961    -0.385781    -86.137729    -106.000000    1559467675111426499 
-0.213208    0.000000    0.268427    0.000000    -97.961710    -121.000000    1559467675121472453 
-0.214741    -0.384216    0.266893    0.000000    -112.982397    -139.000000    1559467675131410173 
-0.217809    -0.765723    0.266893    0.000000    -128.625468    -158.000000    1559467675141550593 
-0.219343    -0.305824    0.265359    0.000000    -112.530140    -139.000000    1559467675151705459 
-0.220877    0.000000    0.262291    -0.305164    -104.756302    -129.000000    1559467675161288105 
-0.220877    0.000000    0.262291    -0.383542    -105.417481    -130.000000    1559467675171529202 
-0.220877    0.000000    0.263825    0.463399    -98.205204    -121.000000    1559467675181780640 
-0.222411    0.000000    0.263825    0.000000    -102.904278    -127.000000    1559467675191399326 
-0.223945    0.000000    0.263825    0.308758    -101.089591    -125.000000    1559467675201318302 
-0.225479    0.000000    0.263825    0.000000    -104.484148    -129.000000    1559467675211443879 
-0.225479    0.000000    0.263825    0.000000    -104.484148    -129.000000    1559467675221548366 
-0.227012    0.000000    0.263825    0.000000    -105.274083    -130.000000    1559467675231345888 
-0.228546    0.000000    0.263825    -0.309229    -108.672612    -134.000000    1559467675241717561 
-0.230080    -0.306420    0.263825    -0.306420    -120.734205    -149.000000    1559467675251438183 
-0.230080    0.000000    0.265359    0.000000    -106.786299    -131.000000    1559467675261624921 
-0.228546    0.000000    0.266893    0.312170    -103.295304    -127.000000    1559467675271550332 
-0.227012    0.000000    0.266893    0.000000    -105.138777    -129.000000    1559467675281355366 
-0.227012    0.000000    0.266893    0.000000    -105.138777    -129.000000    1559467675291500047 
-0.225479    0.000000    0.266893    -0.310493    -106.968096    -132.000000    1559467675301207821 
-0.223945    0.000000    0.268427    0.311174    -100.866256    -124.000000    1559467675311618751 
-0.222411    0.308395    0.266893    0.000000    -91.400817    -113.000000    1559467675321410152 
-0.220877    0.304503    0.266893    0.000000    -90.754343    -112.000000    1559467675331147813 
-0.220877    0.000000    0.266893    0.000000    -101.979038    -126.000000    1559467675341338883 
-0.219343    0.307301    0.266893    0.000000    -89.861265    -111.000000    1559467675351277945 
-0.219343    0.307433    0.266893    0.000000    -89.856411    -111.000000    1559467675361819172 
-0.219343    0.000000    0.266893    0.000000    -101.189103    -125.000000    1559467675371315062 
-0.217809    0.000000    0.266893    0.000000    -100.399168    -124.000000    1559467675381170195 
-0.217809    0.000000    0.266893    0.000000    -100.399168    -124.000000    1559467675391505821 
-0.217809    0.000000    0.266893    0.000000    -100.399168    -124.000000    1559467675401372069 
-0.214741    0.000000    0.268427    0.306963    -96.162165    -118.000000    1559467675411805070 
-0.213208    0.253155    0.266893    0.000000    -88.697470    -109.000000    1559467675421471376 
-0.213208    0.000000    0.266893    0.000000    -98.029363    -121.000000    1559467675431597434 
-0.210140    0.311381    0.266893    0.000000    -84.971257    -105.000000    1559467676437617085 
-0.223945    0.000000    0.239283    0.000000    -104.776657    -129.000000    1559467677439233745 
-0.225479    0.000000    0.239283    0.000000    -105.566592    -130.000000    1559467678440994418 
-0.225479    0.000000    0.240817    0.309359    -102.889247    -127.000000    1559467679442516281 
-0.227012    0.000000    0.239283    -0.354642    -109.348217    -135.000000    1559467680444092741 
-0.225479    0.000000    0.240817    0.000000    -105.498939    -130.000000    1559467681445543912 
-0.225479    0.000000    0.240817    0.000000    -105.498939    -130.000000    1559467682446220095 
-0.227012    0.000000    0.240817    0.000000    -106.288874    -131.000000    1559467683447802455 
-0.225479    0.000000    0.239283    0.000000    -105.566592    -130.000000    1559467684449599634 
-0.227012    -0.308168    0.239283    -0.308168    -120.315950    -148.000000    1559467685451126139 
-0.225479    0.000000    0.240817    0.308619    -102.895494    -127.000000    1559467686452791410 
-0.225479    0.000000    0.240817    0.000000    -105.498939    -130.000000    1559467687454628053 
-0.227012    0.000000    0.240817    0.224646    -104.393805    -129.000000    1559467688456338887 
-0.225479    0.000000    0.239283    -0.349778    -108.517253    -134.000000    1559467689458142653 
-0.225479    0.000000    0.239283    0.000000    -105.566592    -130.000000    1559467690459559279 
-0.225479    0.000000    0.240817    0.000000    -105.498939    -130.000000    1559467691461148409 
-0.225479    0.000000    0.239283    0.000000    -105.566592    -130.000000    1559467692462727313 
-0.227012    0.000000    0.240817    0.306815    -103.700642    -128.000000    1559467693464255981 
-0.225479    0.000000    0.239283    0.000000    -105.566592    -130.000000    1559467694465783651 
-0.227012    0.000000    0.240817    0.190235    -104.684087    -129.000000    1559467695467373330 
-0.227012    0.000000    0.239283    0.000000    -106.356527    -131.000000    1559467696468894337 
-0.225479    0.000000    0.240817    0.000000    -105.498939    -130.000000    1559467697470432193 
-0.227012    0.000000    0.240817    0.000000    -106.288874    -131.000000    1559467698471976318 
-0.225479    0.000000    0.240817    0.000000    -105.498939    -130.000000    1559467699473508915 
-0.227012    0.000000    0.240817    0.000000    -106.288874    -131.000000    1559467700474176017 
-0.227012    0.000000    0.240817    0.000000    -106.288874    -131.000000    1559467701475693728 
-0.223945    0.000000    0.239283    -0.191782    -106.394488    -131.000000    1559467702477233337 
-0.223945    0.000000    0.240817    0.000000    -104.709004    -129.000000    1559467703478818355 
-0.227012    -0.303894    0.240817    0.000000    -117.491121    -145.000000    1559467704480505145 
-0.225479    0.314175    0.239283    0.000000    -93.985385    -116.000000    1559467705482037596 
-0.227012    -0.306111    0.239283    0.000000    -117.640492    -145.000000    1559467706483549187 
-0.227012    0.000000    0.240817    0.307151    -103.697806    -128.000000    1559467707485069612 
-0.225479    0.000000    0.239283    0.000000    -105.566592    -130.000000    1559467708486585696 
-0.227012    0.305239    0.239283    0.000000    -95.104722    -117.000000    1559467709488155655 
-0.227012    -0.306740    0.239283    0.000000    -117.663676    -145.000000    1559467710489743866 
-0.227012    0.000000    0.240817    0.304461    -103.720505    -128.000000    1559467711491321830 
-0.228546    0.000000    0.240817    0.000000    -107.078809    -132.000000    1559467712492947145 
-0.228546    0.000000    0.240817    0.000000    -107.078809    -132.000000    1559467713494490094 
-0.228546    0.231667    0.239283    0.000000    -98.606681    -121.000000    1559467714496009346 
-0.227012    0.000000    0.239283    0.000000    -106.356527    -131.000000    1559467715497550072 
-0.228546    0.000000    0.240817    0.239371    -105.059527    -129.000000    1559467716499037800 
-0.228546    -0.263487    0.240817    0.000000    -116.791551    -144.000000    1559467717500509523 
-0.227012    0.000000    0.239283    0.000000    -106.356527    -131.000000    1559467718502119488 
-0.227012    0.000000    0.239283    0.000000    -106.356527    -131.000000    1559467719503620519 
-0.227012    -0.301325    0.239283    0.000000    -117.464066    -145.000000    1559467720505150734 
-0.227012    0.000000    0.239283    0.000000    -106.356527    -131.000000    1559467721506659186 
-0.225479    0.000000    0.239283    0.000000    -105.566592    -130.000000    1559467722508300233 
-0.225479    0.309395    0.240817    0.309395    -91.483919    -113.000000    1559467723509881525 
-0.227012    -0.310016    0.239283    0.000000    -117.784447    -145.000000    1559467724511454800 
-0.227012    0.000000    0.239283    0.000000    -106.356527    -131.000000    1559467725512976801 
-0.225479    0.190685    0.239283    0.000000    -98.537513    -121.000000    1559467726514533395 
-0.227012    0.000000    0.239283    0.000000    -106.356527    -131.000000    1559467727516076778 
-0.230080    0.000000    0.240817    0.000000    -107.868744    -133.000000    1559467728517726966 
-0.225479    0.313500    0.240817    0.000000    -93.942591    -116.000000    1559467729519415776 
-0.227012    0.000000    0.240817    0.000000    -106.288874    -131.000000    1559467730520930422 
-0.225479    0.000000    0.240817    0.000000    -105.498939    -130.000000    1559467731522250570 
-0.222411    0.000000    0.240817    0.000000    -103.919070    -128.000000    1559467732523260147 
-0.222411    0.000000    0.240817    0.000000    -103.919070    -128.000000    1559467733524465974 
