  -1.0000000e-01   1.3452661e+00   0.0000000e+00  -2.2722146e+00   2.0000000e-02   9.5638609e-02
  -7.3094677e-02   1.8352691e+00  -4.5444293e-02  -3.2515502e+00   4.0000000e-02   7.6800332e-02
  -3.6389295e-02   1.8641789e+00  -1.1047530e-01  -3.4867792e+00   6.0000000e-02   5.1478462e-02
   8.9428294e-04   1.6664598e+00  -1.8021088e-01  -3.3163279e+00   8.0000000e-02   2.6246977e-02
   3.4223480e-02   1.3772810e+00  -2.4653744e-01  -2.9449202e+00   1.0000000e-01   4.2569215e-03
   6.1769100e-02   1.0710313e+00  -3.0543584e-01  -2.4931594e+00   1.2000000e-01  -1.3322134e-02
   8.3189726e-02   7.8564669e-01  -3.5529903e-01  -2.0293951e+00   1.4000000e-01  -2.6399810e-02
   9.8902660e-02   5.3780092e-01  -3.9588693e-01  -1.5900446e+00   1.6000000e-01  -3.5414130e-02
   1.0965868e-01   3.3225597e-01  -4.2768782e-01  -1.1924325e+00   1.8000000e-01  -4.1011896e-02
   1.1630380e-01   1.6751137e-01  -4.5153647e-01  -8.4280883e-01   2.0000000e-01  -4.3875141e-02
   1.1965402e-01   3.9133298e-02  -4.6839265e-01  -5.4128535e-01   2.2000000e-01  -4.4635348e-02
   1.2043669e-01  -5.8351763e-02  -4.7921836e-01  -2.8481632e-01   2.4000000e-01  -4.3837725e-02
   1.1926966e-01  -1.3043644e-01  -4.8491468e-01  -6.8953999e-02   2.6000000e-01  -4.1932506e-02
   1.1666093e-01  -1.8213101e-01  -4.8629376e-01   1.1115513e-01   2.8000000e-01  -3.9279787e-02
   1.1301831e-01  -2.1776116e-01  -4.8407066e-01   2.6023600e-01   3.0000000e-01  -3.6160277e-02
   1.0866308e-01  -2.4093031e-01  -4.7886594e-01   3.8262547e-01   3.2000000e-01  -3.2787874e-02
   1.0384448e-01  -2.5456594e-01  -4.7121343e-01   4.8217152e-01   3.4000000e-01  -2.9321951e-02
   9.8753158e-02  -2.6100275e-01  -4.6157000e-01   5.6221963e-01   3.6000000e-01  -2.5878388e-02
   9.3533103e-02  -2.6207639e-01  -4.5032561e-01   6.2564382e-01   3.8000000e-01  -2.2538999e-02
   8.8291575e-02  -2.5921399e-01  -4.3781273e-01   6.7489719e-01   4.0000000e-01  -1.9359330e-02
   8.3107296e-02  -2.5351487e-01  -4.2431479e-01   7.1206806e-01   4.2000000e-01  -1.6374962e-02
   7.8036998e-02  -2.4581930e-01  -4.1007343e-01   7.3893424e-01   4.4000000e-01  -1.3606514e-02
   7.3120612e-02  -2.3676519e-01  -3.9529474e-01   7.5701200e-01   4.6000000e-01  -1.1063564e-02
   6.8385309e-02  -2.2683382e-01  -3.8015450e-01   7.6759848e-01   4.8000000e-01  -8.7476864e-03
   6.3848632e-02  -2.1638609e-01  -3.6480253e-01   7.7180749e-01   5.0000000e-01  -6.6547714e-03
   5.9520910e-02  -2.0569088e-01  -3.4936638e-01   7.7059920e-01   5.2000000e-01  -4.7767949e-03
   5.5407093e-02  -1.9494711e-01  -3.3395440e-01   7.6480457e-01   5.4000000e-01  -3.1031440e-03
   5.1508151e-02  -1.8430060e-01  -3.1865831e-01   7.5514535e-01   5.6000000e-01  -1.6216072e-03
   4.7822139e-02  -1.7385704e-01  -3.0355540e-01   7.4225039e-01   5.8000000e-01  -3.1910403e-04
   4.4344998e-02  -1.6369184e-01  -2.8871039e-01   7.2666899e-01   6.0000000e-01   8.1778330e-04
   4.1071161e-02  -1.5385755e-01  -2.7417701e-01   7.0888184e-01   6.2000000e-01   1.8024286e-03
   3.7994010e-02  -1.4438952e-01  -2.5999938e-01   6.8931012e-01   6.4000000e-01   2.6478935e-03
   3.5106219e-02  -1.3531015e-01  -2.4621317e-01   6.6832304e-01   6.6000000e-01   3.3667450e-03
   3.2400016e-02  -1.2663211e-01  -2.3284671e-01   6.4624415e-01   6.8000000e-01   3.9709352e-03
   2.9867374e-02  -1.1836073e-01  -2.1992183e-01   6.2335674e-01   7.0000000e-01   4.4717294e-03
   2.7500159e-02  -1.1049588e-01  -2.0745469e-01   5.9990842e-01   7.2000000e-01   4.8796680e-03
   2.5290242e-02  -1.0303332e-01  -1.9545653e-01   5.7611512e-01   7.4000000e-01   5.2045535e-03
   2.3229575e-02  -9.5965746e-02  -1.8393422e-01   5.5216450e-01   7.6000000e-01   5.4554558e-03
   2.1310260e-02  -8.9283617e-02  -1.7289093e-01   5.2821906e-01   7.8000000e-01   5.6407300e-03
   1.9524588e-02  -8.2975752e-02  -1.6232655e-01   5.0441877e-01   8.0000000e-01   5.7680434e-03
   1.7865073e-02  -7.7029805e-02  -1.5223818e-01   4.8088349e-01   8.2000000e-01   5.8444071e-03
   1.6324477e-02  -7.1432627e-02  -1.4262051e-01   4.5771509e-01   8.4000000e-01   5.8762122e-03
   1.4895824e-02  -6.6170552e-02  -1.3346621e-01   4.3499939e-01   8.6000000e-01   5.8692677e-03
   1.3572413e-02  -6.1229615e-02  -1.2476622e-01   4.1280788e-01   8.8000000e-01   5.8288380e-03
   1.2347821e-02  -5.6595727e-02  -1.1651006e-01   3.9119929e-01   9.0000000e-01   5.7596813e-03
   1.1215907e-02  -5.2254811e-02  -1.0868607e-01   3.7022095e-01   9.2000000e-01   5.6660870e-03
   1.0170810e-02  -4.8192908e-02  -1.0128165e-01   3.4991017e-01   9.4000000e-01   5.5519111e-03
   9.2069522e-03  -4.4396265e-02  -9.4283452e-02   3.3029527e-01   9.6000000e-01   5.4206108e-03
   8.3190269e-03  -4.0851396e-02  -8.7677546e-02   3.1139674e-01   9.8000000e-01   5.2752766e-03
   7.5019989e-03  -3.7545142e-02  -8.1449611e-02   2.9322812e-01   1.0000000e+00   5.1186636e-03
   6.7510961e-03  -3.4464704e-02  -7.5585049e-02   2.7579688e-01   1.0200000e+00   4.9532199e-03
   6.0618020e-03  -3.1597679e-02  -7.0069111e-02   2.5910520e-01   1.0400000e+00   4.7811133e-03
   5.4298484e-03  -2.8932081e-02  -6.4887007e-02   2.4315068e-01   1.0600000e+00   4.6042570e-03
   4.8512068e-03  -2.6456356e-02  -6.0023994e-02   2.2792693e-01   1.0800000e+00   4.4243322e-03
   4.3220797e-03  -2.4159394e-02  -5.5465455e-02   2.1342420e-01   1.1000000e+00   4.2428100e-03
   3.8388918e-03  -2.2030538e-02  -5.1196971e-02   1.9962985e-01   1.1200000e+00   4.0609710e-03
   3.3982811e-03  -2.0059581e-02  -4.7204374e-02   1.8652883e-01   1.1400000e+00   3.8799241e-03
   2.9970894e-03  -1.8236770e-02  -4.3473798e-02   1.7410409e-01   1.1600000e+00   3.7006228e-03
   2.6323541e-03  -1.6552798e-02  -3.9991716e-02   1.6233694e-01   1.1800000e+00   3.5238811e-03
   2.3012981e-03  -1.4998803e-02  -3.6744977e-02   1.5120738e-01   1.2000000e+00   3.3503875e-03
   2.0013220e-03  -1.3566358e-02  -3.3720829e-02   1.4069440e-01   1.2200000e+00   3.1807184e-03
   1.7299949e-03  -1.2247458e-02  -3.0906941e-02   1.3077623e-01   1.2400000e+00   3.0153494e-03
   1.4850457e-03  -1.1034518e-02  -2.8291417e-02   1.2143058e-01   1.2600000e+00   2.8546666e-03
   1.2643554e-03  -9.9203522e-03  -2.5862805e-02   1.1263481e-01   1.2800000e+00   2.6989764e-03
   1.0659483e-03  -8.8981685e-03  -2.3610109e-02   1.0436616e-01   1.3000000e+00   2.5485144e-03
   8.8798494e-04  -7.9615518e-03  -2.1522786e-02   9.6601828e-02   1.3200000e+00   2.4034541e-03
   7.2875390e-04  -7.1044515e-03  -1.9590749e-02   8.9319181e-02   1.3400000e+00   2.2639135e-03
   5.8666487e-04  -6.3211679e-03  -1.7804365e-02   8.2495814e-02   1.3600000e+00   2.1299629e-03
   4.6024152e-04  -5.6063378e-03  -1.6154449e-02   7.6109667e-02   1.3800000e+00   2.0016301e-03
   3.4811476e-04  -4.9549211e-03  -1.4632256e-02   7.0139104e-02   1.4000000e+00   1.8789065e-03
   2.4901634e-04  -4.3621857e-03  -1.3229474e-02   6.4562984e-02   1.4200000e+00   1.7617519e-03
   1.6177262e-04  -3.8236947e-03  -1.1938214e-02   5.9360714e-02   1.4400000e+00   1.6500991e-03
   8.5298730e-05  -3.3352917e-03  -1.0751000e-02   5.4512296e-02   1.4600000e+00   1.5438578e-03
   1.8592896e-05  -2.8930876e-03  -9.6607538e-03   4.9998365e-02   1.4800000e+00   1.4429183e-03
  -3.9268855e-05  -2.4934474e-03  -8.6607866e-03   4.5800212e-02   1.5000000e+00   1.3471549e-03
  -8.9137803e-05  -2.1329768e-03  -7.7447823e-03   4.1899811e-02   1.5200000e+00   1.2564287e-03
  -1.3179734e-04  -1.8085101e-03  -6.9067861e-03   3.8279824e-02   1.5400000e+00   1.1705900e-03
  -1.6796754e-04  -1.5170975e-03  -6.1411896e-03   3.4923617e-02   1.5600000e+00   1.0894810e-03
  -1.9830949e-04  -1.2559933e-03  -5.4427173e-03   3.1815255e-02   1.5800000e+00   1.0129375e-03
  -2.2342936e-04  -1.0226445e-03  -4.8064122e-03   2.8939508e-02   1.6000000e+00   9.4079076e-04
  -2.4388225e-04  -8.1467977e-04  -4.2276220e-03   2.6281836e-02   1.6200000e+00   8.7286935e-04
  -2.6017584e-04  -6.2989876e-04  -3.7019853e-03   2.3828390e-02   1.6400000e+00   8.0900020e-04
  -2.7277382e-04  -4.6626194e-04  -3.2254175e-03   2.1565991e-02   1.6600000e+00   7.4900998e-04
  -2.8209906e-04  -3.2188087e-04  -2.7940977e-03   1.9482123e-02   1.6800000e+00   6.9272610e-04
  -2.8853668e-04  -1.9500882e-04  -2.4044552e-03   1.7564914e-02   1.7000000e+00   6.3997764e-04
  -2.9243685e-04  -8.4031953e-05  -2.0531569e-03   1.5803118e-02   1.7200000e+00   5.9059611e-04
  -2.9411749e-04   1.2539206e-05  -1.7370946e-03   1.4186097e-02   1.7400000e+00   5.4441610e-04
  -2.9386671e-04   9.6077789e-05  -1.4533726e-03   1.2703801e-02   1.7600000e+00   5.0127580e-04
  -2.9194515e-04   1.6784824e-04  -1.1992966e-03   1.1346747e-02   1.7800000e+00   4.6101752e-04
  -2.8858819e-04   2.2901358e-04  -9.7236167e-04   1.0105998e-02   1.8000000e+00   4.2348798e-04
  -2.8400791e-04   2.8064225e-04  -7.7024170e-04   8.9731435e-03   1.8200000e+00   3.8853867e-04
  -2.7839507e-04   3.2371463e-04  -5.9077883e-04   7.9402735e-03   1.8400000e+00   3.5602603e-04
  -2.7192078e-04   3.5912915e-04  -4.3197336e-04   6.9999611e-03   1.8600000e+00   3.2581163e-04
  -2.6473819e-04   3.8770810e-04  -2.9197414e-04   6.1452388e-03   1.8800000e+00   2.9776230e-04
  -2.5698403e-04   4.1020304e-04  -1.6906936e-04   5.3695779e-03   1.9000000e+00   2.7175016e-04
  -2.4877997e-04   4.2729998e-04  -6.1677807e-05   4.6668671e-03   1.9200000e+00   2.4765269e-04
  -2.4023397e-04   4.3962418e-04   3.1659535e-05   4.0313922e-03   1.9400000e+00   2.2535273e-04
  -2.3144149e-04   4.4774464e-04   1.1228738e-04   3.4578161e-03   1.9600000e+00   2.0473837e-04
  -2.2248659e-04   4.5217843e-04   1.8144370e-04   2.9411585e-03   1.9800000e+00   1.8570297e-04
  -2.1344303e-04   4.5339456e-04   2.4026687e-04   2.4767776e-03   2.0000000e+00   1.6814505e-04
