   1.3500000e-01  -1.8034316e+00  -1.7950000e-01   5.1345339e+00   2.0000000e-02  -1.0185799e-01
   9.8931369e-02  -2.5467450e+00  -7.6809321e-02   7.6741501e+00   4.0000000e-02  -8.3030117e-02
   4.7996468e-02  -2.6942510e+00   7.6673680e-02   8.6212859e+00   6.0000000e-02  -5.7509519e-02
  -5.8885526e-03  -2.5281122e+00   2.4909940e-01   8.6203661e+00   8.0000000e-02  -3.1662455e-02
  -5.6450797e-02  -2.2158058e+00   4.2150672e-01   8.0816035e+00   1.0000000e-01  -8.4613269e-03
  -1.0076691e-01  -1.8534861e+00   5.8313879e-01   7.2627747e+00   1.2000000e-01   1.1017777e-02
  -1.3783664e-01  -1.4936420e+00   7.2839428e-01   6.3230479e+00   1.4000000e-01   2.6657133e-02
  -1.6770948e-01  -1.1625754e+00   8.5485524e-01   5.3582761e+00   1.6000000e-01   3.8756538e-02
  -1.9096098e-01  -8.7132122e-01   9.6202076e-01   4.4240313e+00   1.8000000e-01   4.7754327e-02
  -2.0838741e-01  -6.2237366e-01   1.0505014e+00   3.5505605e+00   2.0000000e-01   5.4101311e-02
  -2.2083488e-01  -4.1375327e-01   1.1215126e+00   2.7524350e+00   2.2000000e-01   5.8213457e-02
  -2.2910995e-01  -2.4140568e-01   1.1765613e+00   2.0347298e+00   2.4000000e-01   6.0460027e-02
  -2.3393806e-01  -1.0056756e-01   1.2172559e+00   1.3969450e+00   2.6000000e-01   6.1165129e-02
  -2.3594941e-01   1.3496263e-02   1.2451948e+00   8.3546573e-01   2.8000000e-01   6.0612884e-02
  -2.3567949e-01   1.0513021e-01   1.2619041e+00   3.4508231e-01   3.0000000e-01   5.9052546e-02
  -2.3357688e-01   1.7814143e-01   1.2688058e+00  -8.0088915e-02   3.2000000e-01   5.6702624e-02
  -2.3001405e-01   2.3577258e-01   1.2672040e+00  -4.4606332e-01   3.4000000e-01   5.3754018e-02
  -2.2529860e-01   2.8073571e-01   1.2582827e+00  -7.5868220e-01   3.6000000e-01   5.0372478e-02
  -2.1968389e-01   3.1527315e-01   1.2431091e+00  -1.0234522e+00   3.8000000e-01   4.6700635e-02
  -2.1337843e-01   3.4122645e-01   1.2226400e+00  -1.2454724e+00   4.0000000e-01   4.2859828e-02
  -2.0655390e-01   3.6010324e-01   1.1977306e+00  -1.4294125e+00   4.2000000e-01   3.8951832e-02
  -1.9935183e-01   3.7313729e-01   1.1691423e+00  -1.5795198e+00   4.4000000e-01   3.5060546e-02
  -1.9188909e-01   3.8134002e-01   1.1375519e+00  -1.6996413e+00   4.6000000e-01   3.1253683e-02
  -1.8426229e-01   3.8554339e-01   1.1035591e+00  -1.7932527e+00   4.8000000e-01   2.7584441e-02
  -1.7655142e-01   3.8643490e-01   1.0676940e+00  -1.8634893e+00   5.0000000e-01   2.4093161e-02
  -1.6882272e-01   3.8458578e-01   1.0304243e+00  -1.9131767e+00   5.2000000e-01   2.0808945e-02
  -1.6113100e-01   3.8047341e-01   9.9216073e-01  -1.9448602e+00   5.4000000e-01   1.7751215e-02
  -1.5352154e-01   3.7449912e-01   9.5326353e-01  -1.9608306e+00   5.6000000e-01   1.4931189e-02
  -1.4603155e-01   3.6700221e-01   9.1404691e-01  -1.9631491e+00   5.8000000e-01   1.2353262e-02
  -1.3869151e-01   3.5827108e-01   8.7478393e-01  -1.9536686e+00   6.0000000e-01   1.0016278e-02
  -1.3152609e-01   3.4855194e-01   8.3571056e-01  -1.9340534e+00   6.2000000e-01   7.9146696e-03
  -1.2455505e-01   3.3805578e-01   7.9702949e-01  -1.9057971e+00   6.4000000e-01   6.0394838e-03
  -1.1779393e-01   3.2696393e-01   7.5891355e-01  -1.8702377e+00   6.6000000e-01   4.3792695e-03
  -1.1125465e-01   3.1543253e-01   7.2150880e-01  -1.8285724e+00   6.8000000e-01   2.9208437e-03
  -1.0494600e-01   3.0359610e-01   6.8493735e-01  -1.7818704e+00   7.0000000e-01   1.6499358e-03
  -9.8874082e-02   2.9157054e-01   6.4929994e-01  -1.7310846e+00   7.2000000e-01   5.5172092e-04
  -9.3042671e-02   2.7945559e-01   6.1467825e-01  -1.6770618e+00   7.4000000e-01  -3.8875000e-04
  -8.7453559e-02   2.6733686e-01   5.8113701e-01  -1.6205532e+00   7.6000000e-01  -1.1862113e-03
  -8.2106822e-02   2.5528757e-01   5.4872595e-01  -1.5622224e+00   7.8000000e-01  -1.8549241e-03
  -7.7001071e-02   2.4337005e-01   5.1748150e-01  -1.5026540e+00   8.0000000e-01  -2.4084868e-03
  -7.2133670e-02   2.3163701e-01   4.8742842e-01  -1.4423610e+00   8.2000000e-01  -2.8597043e-03
  -6.7500930e-02   2.2013268e-01   4.5858120e-01  -1.3817911e+00   8.4000000e-01  -3.2205053e-03
  -6.3098276e-02   2.0889374e-01   4.3094538e-01  -1.3213335e+00   8.6000000e-01  -3.5018993e-03
  -5.8920401e-02   1.9795025e-01   4.0451871e-01  -1.2613243e+00   8.8000000e-01  -3.7139636e-03
  -5.4961396e-02   1.8732638e-01   3.7929223e-01  -1.2020517e+00   9.0000000e-01  -3.8658560e-03
  -5.1214869e-02   1.7704110e-01   3.5525119e-01  -1.1437609e+00   9.2000000e-01  -3.9658437e-03
  -4.7674047e-02   1.6710881e-01   3.3237597e-01  -1.0866585e+00   9.4000000e-01  -4.0213460e-03
  -4.4331871e-02   1.5753988e-01   3.1064280e-01  -1.0309162e+00   9.6000000e-01  -4.0389852e-03
  -4.1181073e-02   1.4834113e-01   2.9002448e-01  -9.7667502e-01   9.8000000e-01  -4.0246428e-03
  -3.8214251e-02   1.3951630e-01   2.7049098e-01  -9.2404807e-01   1.0000000e+00  -3.9835180e-03
  -3.5423925e-02   1.3106645e-01   2.5201002e-01  -8.7312406e-01   1.0200000e+00  -3.9201872e-03
  -3.2802595e-02   1.2299030e-01   2.3454754e-01  -8.2396983e-01   1.0400000e+00  -3.8386611e-03
  -3.0342789e-02   1.1528457e-01   2.1806814e-01  -7.7663301e-01   1.0600000e+00  -3.7424412e-03
  -2.8037098e-02   1.0794425e-01   2.0253548e-01  -7.3114427e-01   1.0800000e+00  -3.6345719e-03
  -2.5878213e-02   1.0096289e-01   1.8791259e-01  -6.8751945e-01   1.1000000e+00  -3.5176901e-03
  -2.3858955e-02   9.4332823e-02   1.7416220e-01  -6.4576144e-01   1.1200000e+00  -3.3940700e-03
  -2.1972299e-02   8.8045365e-02   1.6124698e-01  -6.0586192e-01   1.1400000e+00  -3.2656653e-03
  -2.0211391e-02   8.2091009e-02   1.4912974e-01  -5.6780291e-01   1.1600000e+00  -3.1341467e-03
  -1.8569571e-02   7.6459591e-02   1.3777368e-01  -5.3155815e-01   1.1800000e+00  -3.0009357e-03
  -1.7040379e-02   7.1140439e-02   1.2714252e-01  -4.9709439e-01   1.2000000e+00  -2.8672356e-03
  -1.5617571e-02   6.6122498e-02   1.1720063e-01  -4.6437252e-01   1.2200000e+00  -2.7340586e-03
  -1.4295121e-02   6.1394451e-02   1.0791318e-01  -4.3334855e-01   1.2400000e+00  -2.6022499e-03
  -1.3067232e-02   5.6944818e-02   9.9246207e-02  -4.0397458e-01   1.2600000e+00  -2.4725096e-03
  -1.1928335e-02   5.2762044e-02   9.1166716e-02  -3.7619955e-01   1.2800000e+00  -2.3454114e-03
  -1.0873094e-02   4.8834578e-02   8.3642725e-02  -3.4996996e-01   1.3000000e+00  -2.2214195e-03
  -9.8964029e-03   4.5150936e-02   7.6643326e-02  -3.2523056e-01   1.3200000e+00  -2.1009031e-03
  -8.9933842e-03   4.1699763e-02   7.0138714e-02  -3.0192485e-01   1.3400000e+00  -1.9841499e-03
  -8.1593889e-03   3.8469879e-02   6.4100218e-02  -2.7999560e-01   1.3600000e+00  -1.8713767e-03
  -7.3899914e-03   3.5450319e-02   5.8500306e-02  -2.5938528e-01   1.3800000e+00  -1.7627400e-03
  -6.6809850e-03   3.2630373e-02   5.3312600e-02  -2.4003643e-01   1.4000000e+00  -1.6583442e-03
  -6.0283775e-03   2.9999606e-02   4.8511872e-02  -2.2189198e-01   1.4200000e+00  -1.5582494e-03
  -5.4283854e-03   2.7547891e-02   4.4074032e-02  -2.0489555e-01   1.4400000e+00  -1.4624780e-03
  -4.8774276e-03   2.5265418e-02   3.9976121e-02  -1.8899164e-01   1.4600000e+00  -1.3710207e-03
  -4.3721192e-03   2.3142714e-02   3.6196288e-02  -1.7412589e-01   1.4800000e+00  -1.2838411e-03
  -3.9092649e-03   2.1170649e-02   3.2713770e-02  -1.6024519e-01   1.5000000e+00  -1.2008804e-03
  -3.4858520e-03   1.9340445e-02   2.9508867e-02  -1.4729785e-01   1.5200000e+00  -1.1220613e-03
  -3.0990431e-03   1.7643680e-02   2.6562910e-02  -1.3523372e-01   1.5400000e+00  -1.0472912e-03
  -2.7461695e-03   1.6072287e-02   2.3858235e-02  -1.2400425e-01   1.5600000e+00  -9.7646506e-04
  -2.4247237e-03   1.4618556e-02   2.1378150e-02  -1.1356254e-01   1.5800000e+00  -9.0946816e-04
  -2.1323526e-03   1.3275128e-02   1.9106899e-02  -1.0386345e-01   1.6000000e+00  -8.4617806e-04
  -1.8668501e-03   1.2034992e-02   1.7029630e-02  -9.4863567e-02   1.6200000e+00  -7.8646661e-04
  -1.6261502e-03   1.0891480e-02   1.5132359e-02  -8.6521260e-02   1.6400000e+00  -7.3020161e-04
  -1.4083206e-03   9.8382563e-03   1.3401934e-02  -7.8796668e-02   1.6600000e+00  -6.7724820e-04
  -1.2115555e-03   8.8693134e-03   1.1826001e-02  -7.1651695e-02   1.6800000e+00  -6.2747012e-04
  -1.0341692e-03   7.9789606e-03   1.0392967e-02  -6.5049998e-02   1.7000000e+00  -5.8073072e-04
  -8.7459000e-04   7.1618152e-03   9.0919667e-03  -5.8956959e-02   1.7200000e+00  -5.3689387e-04
  -7.3135369e-04   6.4127922e-03   7.9128275e-03  -5.3339655e-02   1.7400000e+00  -4.9582475e-04
  -6.0309785e-04   5.7270938e-03   6.8460344e-03  -4.8166823e-02   1.7600000e+00  -4.5739045e-04
  -4.8855597e-04   5.1001991e-03   5.8826979e-03  -4.3408818e-02   1.7800000e+00  -4.2146055e-04
  -3.8655199e-04   4.5278524e-03   5.0145216e-03  -3.9037566e-02   1.8000000e+00  -3.8790752e-04
  -2.9599494e-04   4.0060532e-03   4.2337703e-03  -3.5026518e-02   1.8200000e+00  -3.5660713e-04
  -2.1587388e-04   3.5310443e-03   3.5332399e-03  -3.1350599e-02   1.8400000e+00  -3.2743871e-04
  -1.4525299e-04   3.0993015e-03   2.9062279e-03  -2.7986154e-02   1.8600000e+00  -3.0028540e-04
  -8.3266964e-05   2.7075227e-03   2.3465049e-03  -2.4910899e-02   1.8800000e+00  -2.7503430e-04
  -2.9116511e-05   2.3526169e-03   1.8482869e-03  -2.2103859e-02   1.9000000e+00  -2.5157664e-04
   1.7935827e-05   2.0316943e-03   1.4062097e-03  -1.9545322e-02   1.9200000e+00  -2.2980781e-04
   5.8569713e-05   1.7420557e-03   1.0153032e-03  -1.7216778e-02   1.9400000e+00  -2.0962744e-04
   9.3410828e-05   1.4811827e-03   6.7096768e-04  -1.5100867e-02   1.9600000e+00  -1.9093942e-04
   1.2303448e-04   1.2467280e-03   3.6895033e-04  -1.3181326e-02   1.9800000e+00  -1.7365188e-04
   1.4796904e-04   1.0365061e-03   1.0532381e-04  -1.1442936e-02   2.0000000e+00  -1.5767713e-04
