   1.3500000e-01  -1.3361465e+00  -1.7950000e-01   2.2743400e+00   2.0000000e-02  -1.0185799e-01
   1.0827707e-01  -1.8333273e+00  -1.3401320e-01   3.2804373e+00   4.0000000e-02  -8.3293872e-02
   7.1610524e-02  -1.8761868e+00  -6.8404454e-02   3.5531163e+00   6.0000000e-02  -5.8209138e-02
   3.4086787e-02  -1.6939350e+00   2.6578717e-03   3.4227191e+00   8.0000000e-02  -3.3049833e-02
   2.0808722e-04  -1.4190502e+00   7.1112254e-02   3.0895187e+00   1.0000000e-01  -1.0942719e-02
  -2.8172917e-02  -1.1247284e+00   1.3290263e-01   2.6718786e+00   1.2000000e-01   6.9195531e-03
  -5.0667485e-02  -8.4855327e-01   1.8634020e-01   2.2372214e+00   1.4000000e-01   2.0408388e-02
  -6.7638550e-02  -6.0728949e-01   2.3108463e-01   1.8217898e+00   1.6000000e-01   2.9923690e-02
  -7.9784340e-02  -4.0599880e-01   2.6752042e-01   1.4431411e+00   1.8000000e-01   3.6079764e-02
  -8.7904316e-02  -2.4355561e-01   2.9638324e-01   1.1079583e+00   2.0000000e-01   3.9532727e-02
  -9.2775428e-02  -1.1590386e-01   3.1854241e-01   8.1686384e-01   2.2000000e-01   4.0893968e-02
  -9.5093505e-02  -1.7915021e-02   3.3487969e-01   5.6733254e-01   2.4000000e-01   4.0693312e-02
  -9.5451806e-02   5.5605930e-02   3.4622634e-01   3.5541041e-01   2.6000000e-01   3.9369316e-02
  -9.4339687e-02   1.0942194e-01   3.5333454e-01   1.7669411e-01   2.8000000e-01   3.7273328e-02
  -9.2151249e-02   1.4765858e-01   3.5686843e-01   2.6859432e-02   3.0000000e-01   3.4679670e-02
  -8.9198077e-02   1.7376071e-01   3.5740561e-01  -9.8079052e-02   3.2000000e-01   3.1797774e-02
  -8.5722863e-02   1.9053225e-01   3.5544403e-01  -2.0166383e-01   3.4000000e-01   2.8784128e-02
  -8.1912218e-02   2.0021309e-01   3.5141076e-01  -2.8697630e-01   3.6000000e-01   2.5753029e-02
  -7.7907956e-02   2.0456714e-01   3.4567123e-01  -3.5666281e-01   3.8000000e-01   2.2785764e-02
  -7.3816613e-02   2.0496807e-01   3.3853797e-01  -4.1298046e-01   4.0000000e-01   1.9938204e-02
  -6.9717252e-02   2.0247599e-01   3.3027837e-01  -4.5784894e-01   4.2000000e-01   1.7246926e-02
  -6.5667732e-02   1.9790303e-01   3.2112139e-01  -4.9290099e-01   4.4000000e-01   1.4734060e-02
  -6.1709671e-02   1.9186745e-01   3.1126337e-01  -5.1952811e-01   4.6000000e-01   1.2411076e-02
  -5.7872322e-02   1.8483734e-01   3.0087281e-01  -5.3892014e-01   4.8000000e-01   1.0281703e-02
  -5.4175576e-02   1.7716530e-01   2.9009440e-01  -5.5209870e-01   5.0000000e-01   8.3441580e-03
  -5.0632270e-02   1.6911563e-01   2.7905243e-01  -5.5994490e-01   5.2000000e-01   6.5928364e-03
  -4.7249957e-02   1.6088540e-01   2.6785353e-01  -5.6322201e-01   5.4000000e-01   5.0195727e-03
  -4.4032249e-02   1.5262066e-01   2.5658909e-01  -5.6259407e-01   5.6000000e-01   3.6145809e-03
  -4.0979836e-02   1.4442881e-01   2.4533721e-01  -5.5864089e-01   5.8000000e-01   2.3671449e-03
  -3.8091260e-02   1.3638807e-01   2.3416439e-01  -5.5187038e-01   6.0000000e-01   1.2661208e-03
  -3.5363498e-02   1.2855459e-01   2.2312698e-01  -5.4272859e-01   6.2000000e-01   3.0029671e-04
  -3.2792406e-02   1.2096787e-01   2.1227241e-01  -5.3160795e-01   6.4000000e-01  -5.4135391e-04
  -3.0373049e-02   1.1365482e-01   2.0164025e-01  -5.1885409e-01   6.6000000e-01  -1.2694982e-03
  -2.8099952e-02   1.0663283e-01   1.9126317e-01  -5.0477163e-01   6.8000000e-01  -1.8943291e-03
  -2.5967296e-02   9.9912123e-02   1.8116774e-01  -4.8962892e-01   7.0000000e-01  -2.4254937e-03
  -2.3969053e-02   9.3497463e-02   1.7137516e-01  -4.7366220e-01   7.2000000e-01  -2.8720533e-03
  -2.2099104e-02   8.7389509e-02   1.6190192e-01  -4.5707914e-01   7.4000000e-01  -3.2424669e-03
  -2.0351314e-02   8.1585812e-02   1.5276033e-01  -4.4006189e-01   7.6000000e-01  -3.5445908e-03
  -1.8719598e-02   7.6081585e-02   1.4395910e-01  -4.2276979e-01   7.8000000e-01  -3.7856899e-03
  -1.7197966e-02   7.0870286e-02   1.3550370e-01  -4.0534173e-01   8.0000000e-01  -3.9724567e-03
  -1.5780560e-02   6.5944078e-02   1.2739687e-01  -3.8789829e-01   8.2000000e-01  -4.1110361e-03
  -1.4461679e-02   6.1294174e-02   1.1963890e-01  -3.7054362e-01   8.4000000e-01  -4.2070532e-03
  -1.3235795e-02   5.6911113e-02   1.1222803e-01  -3.5336710e-01   8.6000000e-01  -4.2656432e-03
  -1.2097573e-02   5.2784977e-02   1.0516068e-01  -3.3644493e-01   8.8000000e-01  -4.2914813e-03
  -1.1041873e-02   4.8905554e-02   9.8431786e-02  -3.1984146e-01   9.0000000e-01  -4.2888139e-03
  -1.0063762e-02   4.5262480e-02   9.2034957e-02  -3.0361046e-01   9.2000000e-01  -4.2614882e-03
  -9.1585127e-03   4.1845340e-02   8.5962748e-02  -2.8779628e-01   9.4000000e-01  -4.2129814e-03
  -8.3216059e-03   3.8643760e-02   8.0206823e-02  -2.7243481e-01   9.6000000e-01  -4.1464288e-03
  -7.5487307e-03   3.5647471e-02   7.4758126e-02  -2.5755450e-01   9.8000000e-01  -4.0646502e-03
  -6.8357812e-03   3.2846365e-02   6.9607036e-02  -2.4317715e-01   1.0000000e+00  -3.9701756e-03
  -6.1788539e-03   3.0230542e-02   6.4743493e-02  -2.2931869e-01   1.0200000e+00  -3.8652684e-03
  -5.5742431e-03   2.7790342e-02   6.0157120e-02  -2.1598990e-01   1.0400000e+00  -3.7519480e-03
  -5.0184362e-03   2.5516373e-02   5.5837322e-02  -2.0319703e-01   1.0600000e+00  -3.6320109e-03
  -4.5081088e-03   2.3399534e-02   5.1773381e-02  -1.9094238e-01   1.0800000e+00  -3.5070496e-03
  -4.0401181e-03   2.1431026e-02   4.7954533e-02  -1.7922480e-01   1.1000000e+00  -3.3784713e-03
  -3.6114976e-03   1.9602371e-02   4.4370037e-02  -1.6804020e-01   1.1200000e+00  -3.2475142e-03
  -3.2194502e-03   1.7905412e-02   4.1009233e-02  -1.5738192e-01   1.1400000e+00  -3.1152632e-03
  -2.8613419e-03   1.6332322e-02   3.7861595e-02  -1.4724116e-01   1.1600000e+00  -2.9826645e-03
  -2.5346955e-03   1.4875605e-02   3.4916772e-02  -1.3760728e-01   1.1800000e+00  -2.8505382e-03
  -2.2371834e-03   1.3528096e-02   3.2164626e-02  -1.2846814e-01   1.2000000e+00  -2.7195913e-03
  -1.9666215e-03   1.2282956e-02   2.9595263e-02  -1.1981035e-01   1.2200000e+00  -2.5904282e-03
  -1.7209623e-03   1.1133669e-02   2.7199056e-02  -1.1161954e-01   1.2400000e+00  -2.4635615e-03
  -1.4982890e-03   1.0074040e-02   2.4966666e-02  -1.0388053e-01   1.2600000e+00  -2.3394211e-03
  -1.2968082e-03   9.0981814e-03   2.2889055e-02  -9.6577595e-02   1.2800000e+00  -2.2183632e-03
  -1.1148445e-03   8.2005129e-03   2.0957503e-02  -8.9694560e-02   1.3000000e+00  -2.1006778e-03
  -9.5083428e-04   7.3757478e-03   1.9163612e-02  -8.3214999e-02   1.3200000e+00  -1.9865963e-03
  -8.0331932e-04   6.6188863e-03   1.7499312e-02  -7.7122348e-02   1.3400000e+00  -1.8762977e-03
  -6.7094160e-04   5.9252058e-03   1.5956865e-02  -7.1400021e-02   1.3600000e+00  -1.7699150e-03
  -5.5243748e-04   5.2902507e-03   1.4528864e-02  -6.6031509e-02   1.3800000e+00  -1.6675404e-03
  -4.4663247e-04   4.7098229e-03   1.3208234e-02  -6.1000469e-02   1.4000000e+00  -1.5692305e-03
  -3.5243601e-04   4.1799714e-03   1.1988225e-02  -5.6290792e-02   1.4200000e+00  -1.4750104e-03
  -2.6883658e-04   3.6969821e-03   1.0862409e-02  -5.1886666e-02   1.4400000e+00  -1.3848781e-03
  -1.9489694e-04   3.2573674e-03   9.8246757e-03  -4.7772632e-02   1.4600000e+00  -1.2988081e-03
  -1.2974959e-04   2.8578562e-03   8.8692231e-03  -4.3933619e-02   1.4800000e+00  -1.2167547e-03
  -7.2592469e-05   2.4953838e-03   7.9905507e-03  -4.0354988e-02   1.5000000e+00  -1.1386550e-03
  -2.2684794e-05   2.1670819e-03   7.1834509e-03  -3.7022549e-02   1.5200000e+00  -1.0644315e-03
   2.0656845e-05   1.8702691e-03   6.4430000e-03  -3.3922593e-02   1.5400000e+00  -9.9399472e-04
   5.8062226e-05   1.6024410e-03   5.7645481e-03  -3.1041900e-02   1.5600000e+00  -9.2724504e-04
   9.0111045e-05   1.3612612e-03   5.1437101e-03  -2.8367753e-02   1.5800000e+00  -8.6407490e-04
   1.1733627e-04   1.1445524e-03   4.5763550e-03  -2.5887943e-02   1.6000000e+00  -8.0437036e-04
   1.4022732e-04   9.5028759e-04   4.0585962e-03  -2.3590774e-02   1.6200000e+00  -7.4801267e-04
   1.5923307e-04   7.7658141e-04   3.5867807e-03  -2.1465059e-02   1.6400000e+00  -6.9487960e-04
   1.7476470e-04   6.2168243e-04   3.1574795e-03  -1.9500117e-02   1.6600000e+00  -6.4484661e-04
   1.8719835e-04   4.8396513e-04   2.7674772e-03  -1.7685770e-02   1.6800000e+00  -5.9778787e-04
   1.9687765e-04   3.6192249e-04   2.4137618e-03  -1.6012330e-02   1.7000000e+00  -5.5357719e-04
   2.0411610e-04   2.5415883e-04   2.0935152e-03  -1.4470595e-02   1.7200000e+00  -5.1208881e-04
   2.0919928e-04   1.5938293e-04   1.8041033e-03  -1.3051831e-02   1.7400000e+00  -4.7319803e-04
   2.1238693e-04   7.6401527e-05   1.5430666e-03  -1.1747765e-02   1.7600000e+00  -4.3678182e-04
   2.1391496e-04   4.1131028e-06   1.3081113e-03  -1.0550567e-02   1.7800000e+00  -4.0271932e-04
   2.1399723e-04  -5.8498071e-05   1.0971000e-03  -9.4528399e-03   1.8000000e+00  -3.7089223e-04
   2.1282727e-04  -1.1236754e-04   9.0804321e-04  -8.4476013e-03   1.8200000e+00  -3.4118515e-04
   2.1057991e-04  -1.5835599e-04   7.3909118e-04  -7.5282696e-03   1.8400000e+00  -3.1348588e-04
   2.0741279e-04  -1.9725432e-04   5.8852579e-04  -6.6886483e-03   1.8600000e+00  -2.8768563e-04
   2.0346771e-04  -2.2978843e-04   4.5475282e-04  -5.9229100e-03   1.8800000e+00  -2.6367920e-04
   1.9887194e-04  -2.5662369e-04   3.3629462e-04  -5.2255810e-03   1.9000000e+00  -2.4136509e-04
   1.9373947e-04  -2.7836923e-04   2.3178300e-04  -4.5915251e-03   1.9200000e+00  -2.2064561e-04
   1.8817208e-04  -2.9558198e-04   1.3995250e-04  -4.0159286e-03   1.9400000e+00  -2.0142694e-04
   1.8226044e-04  -3.0877041e-04   5.9633931e-05  -3.4942848e-03   1.9600000e+00  -1.8361915e-04
   1.7608503e-04  -3.1839808e-04  -1.0251766e-05  -3.0223788e-03   1.9800000e+00  -1.6713616e-04
   1.6971707e-04  -3.2488701e-04  -7.0699342e-05  -2.5962728e-03   2.0000000e+00  -1.5189581e-04
