   0.0000000e+00   0.0000000e+00   0.0000000e+00   0.0000000e+00
   0.0000000e+00   0.0000000e+00   0.0000000e+00   5.3731840e-03
   0.0000000e+00   0.0000000e+00   0.0000000e+00   1.0355456e-02
   0.0000000e+00   0.0000000e+00   0.0000000e+00   1.7942016e-02
   0.0000000e+00   0.0000000e+00   0.0000000e+00   2.8312064e-02
   0.0000000e+00   0.0000000e+00   0.0000000e+00   3.8336768e-02
   0.0000000e+00   0.0000000e+00   0.0000000e+00   4.8028160e-02
   0.0000000e+00   0.0000000e+00   0.0000000e+00   5.8380288e-02
   0.0000000e+00   0.0000000e+00   0.0000000e+00   6.8379136e-02
   0.0000000e+00   0.0000000e+00   0.0000000e+00   7.8297856e-02
   0.0000000e+00   0.0000000e+00   0.0000000e+00   8.8058368e-02
   0.0000000e+00   0.0000000e+00   0.0000000e+00   9.8201344e-02
   0.0000000e+00   0.0000000e+00   0.0000000e+00   1.0820173e-01
   0.0000000e+00   0.0000000e+00   0.0000000e+00   1.1831245e-01
   0.0000000e+00   0.0000000e+00   0.0000000e+00   1.2830336e-01
   1.2884500e-01  -1.8406400e-01   5.8236196e+01   1.3836288e-01
   1.2884500e-01  -1.8406400e-01   5.8236196e+01   1.4835123e-01
   1.2884500e-01  -1.8406400e-01   5.8236196e+01   1.5843354e-01
   1.2884500e-01  -1.8406400e-01   5.8236196e+01   1.6851430e-01
   1.2884500e-01  -1.8253000e-01   6.0186704e+01   1.7892147e-01
   1.3191300e-01  -1.8253000e-01   8.1484777e+01   1.8817485e-01
   1.3498000e-01  -1.7946300e-01   9.0650619e+01   1.9803981e-01
   1.3498000e-01  -1.7486100e-01   6.7038410e+01   2.0849075e-01
   1.3498000e-01  -1.7025900e-01   6.6807009e+01   2.1854976e-01
   1.3498000e-01  -1.2731100e-01   8.1941770e+01   2.2819405e-01
   1.3037900e-01  -1.0737100e-01   6.2074680e+01   2.3837568e-01
   1.2577700e-01  -3.9881000e-02   1.2447080e+02   2.4855117e-01
   1.1043800e-01   1.2271000e-02   2.3577680e+01   2.5812275e-01
   6.2889000e-02   1.3037900e-01  -2.7764758e+01   2.6823219e-01
   3.2211000e-02   1.7179300e-01  -1.2145468e+02   2.7829990e-01
  -4.4482000e-02   2.8069800e-01  -3.1045501e+02   2.8839808e-01
  -1.2577700e-01   3.7886500e-01  -2.3539413e+02   2.9813248e-01
  -1.8559800e-01   4.5249100e-01  -2.3498496e+02   3.0828749e-01
  -2.3468200e-01   5.2304900e-01  -2.2058062e+02   3.1825382e-01
  -2.6075800e-01   5.7826800e-01  -1.3199235e+02   3.2843110e-01
  -2.6075800e-01   6.1968300e-01  -6.2324816e+01   3.3815885e-01
  -2.4695300e-01   6.3502100e-01  -3.5222270e+01   3.4819277e-01
  -2.3621600e-01   6.3042000e-01  -7.6122127e+01   3.5815296e-01
  -2.2087700e-01   6.1968300e-01  -4.0012616e+01   3.6845619e-01
  -2.1167400e-01   5.9974200e-01  -8.9291744e+01   3.7835494e-01
  -2.0860600e-01   5.7826800e-01  -1.0010956e+02   3.8850202e-01
  -2.1014000e-01   5.5219200e-01  -1.0707013e+02   3.9804083e-01
  -2.1320800e-01   5.2458300e-01  -1.2426278e+02   4.0828826e-01
  -2.1934300e-01   4.9390500e-01  -1.4892445e+02   4.1823130e-01
  -2.2547900e-01   4.6169400e-01  -1.4657036e+02   4.2858675e-01
  -2.2241100e-01   4.3101700e-01  -1.1019382e+02   4.3847091e-01
  -2.2241100e-01   4.0033900e-01  -1.0889279e+02   4.4802253e-01
  -2.1474100e-01   3.7273000e-01  -7.2317940e+01   4.5836083e-01
  -2.1014000e-01   3.4972200e-01  -9.9599259e+01   4.6820941e-01
  -2.0860600e-01   3.3745100e-01  -7.7620688e+01   4.7856845e-01
  -2.0707200e-01   3.3438300e-01  -1.0584343e+02   4.8841293e-01
  -2.1167400e-01   3.3131500e-01  -1.1961826e+02   4.9804902e-01
  -2.1167400e-01   3.2824800e-01  -8.3316555e+01   5.0828211e-01
  -2.1934300e-01   3.2824800e-01  -1.3256735e+02   5.1827610e-01
  -2.1780900e-01   3.2671400e-01  -8.6472185e+01   5.2843546e-01
  -2.1167400e-01   3.2518000e-01  -7.2183466e+01   5.3818701e-01
  -2.1167400e-01   3.2057800e-01  -1.0887949e+02   5.4839194e-01
  -2.1014000e-01   3.1751100e-01  -8.5443522e+01   5.5823002e-01
  -2.0860600e-01   3.1444300e-01  -8.4816731e+01   5.6825856e-01
  -2.1320800e-01   3.0830700e-01  -1.2422546e+02   5.7843866e-01
  -2.1474100e-01   3.0217200e-01  -1.0245390e+02   5.8819686e-01
  -2.1320800e-01   2.9603600e-01  -1.0320929e+02   5.9802035e-01
  -2.1320800e-01   2.9450300e-01  -1.0006186e+02   6.0825651e-01
  -2.1474100e-01   2.8836700e-01  -1.0303799e+02   6.1815296e-01
  -2.1780900e-01   2.8223200e-01  -1.3482108e+02   6.2835942e-01
  -2.1780900e-01   2.7609600e-01  -1.0258985e+02   6.3841613e-01
  -2.1320800e-01   2.7302800e-01  -8.6700810e+01   6.4857395e-01
  -2.1167400e-01   2.6996100e-01  -8.6137729e+01   6.5827763e-01
  -2.1320800e-01   2.6842700e-01  -9.7961710e+01   6.6832358e-01
  -2.1474100e-01   2.6689300e-01  -1.1298240e+02   6.7826125e-01
  -2.1780900e-01   2.6689300e-01  -1.2862547e+02   6.8840166e-01
  -2.1934300e-01   2.6535900e-01  -1.1253014e+02   6.9855642e-01
  -2.2087700e-01   2.6229100e-01  -1.0475630e+02   7.0813926e-01
  -2.2087700e-01   2.6229100e-01  -1.0541748e+02   7.1838029e-01
  -2.2087700e-01   2.6382500e-01  -9.8205204e+01   7.2863181e-01
  -2.2241100e-01   2.6382500e-01  -1.0290428e+02   7.3825050e-01
  -2.2394500e-01   2.6382500e-01  -1.0108959e+02   7.4816947e-01
  -2.2547900e-01   2.6382500e-01  -1.0448415e+02   7.5829504e-01
  -2.2547900e-01   2.6382500e-01  -1.0448415e+02   7.6839936e-01
  -2.2701200e-01   2.6382500e-01  -1.0527408e+02   7.7819699e-01
  -2.2854600e-01   2.6382500e-01  -1.0867261e+02   7.8856858e-01
  -2.3008000e-01   2.6382500e-01  -1.2073421e+02   7.9828915e-01
  -2.3008000e-01   2.6535900e-01  -1.0678630e+02   8.0847590e-01
  -2.2854600e-01   2.6689300e-01  -1.0329530e+02   8.1840128e-01
  -2.2701200e-01   2.6689300e-01  -1.0513878e+02   8.2820634e-01
  -2.2701200e-01   2.6689300e-01  -1.0513878e+02   8.3835110e-01
  -2.2547900e-01   2.6689300e-01  -1.0696810e+02   8.4805888e-01
  -2.2394500e-01   2.6842700e-01  -1.0086626e+02   8.5846989e-01
  -2.2241100e-01   2.6689300e-01  -9.1400817e+01   8.6826112e-01
  -2.2087700e-01   2.6689300e-01  -9.0754343e+01   8.7799885e-01
  -2.2087700e-01   2.6689300e-01  -1.0197904e+02   8.8818995e-01
  -2.1934300e-01   2.6689300e-01  -8.9861265e+01   8.9812890e-01
  -2.1934300e-01   2.6689300e-01  -8.9856411e+01   9.0867021e-01
  -2.1934300e-01   2.6689300e-01  -1.0118910e+02   9.1816602e-01
  -2.1780900e-01   2.6689300e-01  -1.0039917e+02   9.2802125e-01
  -2.1780900e-01   2.6689300e-01  -1.0039917e+02   9.3835699e-01
  -2.1780900e-01   2.6689300e-01  -1.0039917e+02   9.4822323e-01
  -2.1474100e-01   2.6842700e-01  -9.6162165e+01   9.5865626e-01
  -2.1320800e-01   2.6689300e-01  -8.8697470e+01   9.6832256e-01
  -2.1320800e-01   2.6689300e-01  -9.8029363e+01   9.7844838e-01
  -2.1014000e-01   2.6689300e-01  -8.4971257e+01   1.9844682e+00
  -2.2394500e-01   2.3928300e-01  -1.0477666e+02   2.9860849e+00
